150 70
1783269    363927  1288676 1603050 688173  682933  245213  636384  207414  1498965 367282  1632487 839561  688950  1764174 21339   1120144 923051  1741900 1706695 1203608 135289  1552894 1518979 1643059 1033773 1726259 271640  1201128 311406  842311  327633  675334  347719  1502911 1363507 1030652 1748124 1572119 810295  1463820 156132  231741  92340   417310  212646  1469176 1109682 707925  1427808 1033109 128265  1563097 374962  1219472 995116  1408735 734690  838984  398822  1046096 1681295 298683  1721430 245745  18325   873896  848626  1338677 662746  1231149
1526183    604070  1256073 1211330 769171  627745  1028536 180715  842074  1052199 655388  1106515 697615  961411  333854  445479  1191056 1395204 97031   1268730 1393016 1109308 187450  66958   731286  47957   205092  535728  1350361 852776  884753  137196  1456846 614643  1348526 555668  1242388 706713  736383  414112  232729  1247604 1376460 786177  682832  184131  1231656 347705  53152   1184520 1472268 1302002 623479  133535  1224793 1210598 181492  1429885 75976   1387686 756478  960729  1524882 542975  1431205 1203059 954476  1003243 383589  20509   1417356
1748143    866706  174473  622401  201889  1201355 1345253 633292  1678633 851104  749591  628342  72947   1442186 1496818 560014  1498728 378324  29599   163579  509194  1693152 1117927 676058  670236  1057612 788535  824824  154705  1641233 1465575 1389747 759796  1640049 1248104 197641  329217  81170   830933  259707  932274  1580524 124006  1005221 1274567 1620824 801191  261108  1235104 66746   424687  980255  11755   778571  1656313 681991  1072139 1680805 742772  1226845 1573895 460204  104405  585549  1336209 1352509 783190  1665426 1433679 850080  1161090
1467148    425122  557810  385260  1244078 158965  900328  634764  232658  536729  315546  1252515 1403635 1004918 434073  334787  370949  214952  657357  421110  1346749 634102  830840  695463  669955  400207  1301603 686318  753701  1325729 978745  368508  704728  490431  1174792 902682  1070420 1028996 491322  1303078 519602  1227892 42321   456089  765662  476395  1211900 1136612 1112371 402110  90574   991972  1457236 921415  641311  660043  275498  896791  1346361 1029199 1176396 1278982 351583  835000  302265  480252  270534  326562  463124  1182881 162492 
1702727    1489164 565339  1030737 1670279 1599964 286206  331669  944633  659241  109957  1242384 103438  709935  1311838 564409  332371  1266137 471155  846320  1091533 742063  1680618 1544773 892889  1535339 623179  962989  364251  109199  209738  1654005 1253462 430176  637114  1221014 1685239 923320  1207782 927146  1237660 972839  466803  996197  1682774 1433740 1560607 312418  997151  329035  1158739 41056   1071098 791729  1240928 1619086 624341  1519206 879348  643691  1628405 744186  250068  834240  1174362 887183  7626    811974  1465602 1215409 36393  
1537570    115490  478230  1296388 588353  500086  1166159 159649  1339558 835873  1403050 1453590 992071  266912  113297  529819  1231905 932404  1239803 794231  1150438 365924  1254648 91869   208856  265326  329253  1413987 92351   502317  769445  1315126 1119449 1247675 38017   170233  711834  1204176 831524  513822  1004122 1198646 429843  960265  429630  1044782 454156  123965  941258  156389  918196  1055768 1023955 1136916 1147637 196884  1402242 440963  574943  458666  943280  1344389 236222  1026802 18566   775881  161107  730400  442488  992631  208295 
1033029    506789  689412  490733  832     890633  669103  156560  454543  327114  490513  477283  676791  130684  635232  987657  365348  381732  823552  120490  22360   525859  441332  935589  752541  812105  229188  669944  341371  159953  1028537 522844  850385  868563  1013577 1831    726167  833295  342034  331324  311023  832547  992250  987814  963231  594454  942443  479194  126800  916609  783327  332803  409439  375273  419006  128951  154350  648194  798895  495721  808147  794403  169180  809146  813580  333371  994620  506718  133637  303625  838043 
1852267    229055  1706487 86559   1029680 1485716 278569  435733  1027624 123832  421003  445110  431897  1123140 14248   1301657 856968  707193  1416677 1500407 1021685 1351134 19865   960265  598091  1431016 1760510 1402151 128127  714176  1674686 1661610 943231  1528907 1748169 1266717 1162356 1320543 1702450 1483785 1444375 1417258 1222701 1170077 688132  530754  619468  838905  1237947 183878  1633117 1553437 828817  1652982 661436  720713  1231732 1715751 1416670 653664  577660  1239089 463007  814697  209534  1504982 229147  665696  973258  79330   1443286
1880157    1873268 303883  547302  1846661 583627  145239  62778   25815   695397  1753531 1392568 837364  1193531 822735  172123  906548  1528482 1070410 832091  1186500 546466  552468  1354891 267362  100314  1302157 1315699 757110  1818782 232523  1377856 1811893 536406  45002   1434043 775680  190241  1496822 801495  541285  1025842 1849709 1378649 1875019 792288  1206418 557057  96259   396672  1389148 1282759 598784  1597262 757493  521792  1697576 1715296 1837492 230176  1653922 189858  1608032 1241304 381910  1308680 795191  1157590 1498922 67502   78928  
1685635    496075  809531  370537  1674744 997213  220637  416707  776161  401080  1133519 186768  1608777 1571653 1102402 188685  327025  1457379 1446613 1369974 535461  1126639 744157  1653976 1379090 633458  670759  1312490 1136062 1679826 1495168 1410534 490266  619064  110778  494718  1616277 331415  926767  722146  747838  374651  908914  670980  276012  325681  875007  618379  97425   635985  302718  648228  92331   1062217 631912  1471422 10040   1318013 1113619 1146102 1312205 938494  886343  116836  1572901 997121  626896  1518885 1343879 1553664 555396 
1020865    663317  558077  582354  791604  373031  436497  580790  67706   1010697 897070  887012  414994  726368  168111  801308  628983  801649  258109  618403  629469  445893  557236  237358  361764  750888  988589  767615  860957  260075  632518  87091   923393  169731  669445  694132  542762  501389  670370  5915    907534  546575  892927  301663  252078  40173   498418  276509  237270  756527  894912  866739  597867  847595  499544  959632  577618  883581  101829  834022  122791  734347  921113  25319   904078  986006  114899  842287  466530  785269  848203 
1695579    253649  830450  869814  994675  1410813 603295  888335  362637  1391481 1010706 351019  727861  408954  701495  1249597 1681440 1097460 1371867 671575  69139   771330  1009241 450306  479234  1225462 1501744 1232820 1606905 1304650 1280437 303028  677665  415309  292208  1672340 130543  895504  1680041 493180  1406351 995168  1659144 438633  523489  665060  807596  1324295 881886  483884  300291  951026  374581  1309532 520698  1668760 1654360 1141808 325367  1565687 750879  1605805 988081  547910  1140480 1280289 1339617 1271023 1295159 1324079 883569 
1046169    305625  657019  249686  379705  239440  914727  792403  108578  230057  1043740 57491   744301  596903  352805  82560   105822  847051  474909  856461  695120  19496   500168  649514  18200   872104  104343  588558  759447  987800  436750  338787  548565  47600   588474  183410  588349  758341  975813  696928  988398  228525  754419  987840  825428  362365  24231   186390  464556  499140  297992  113508  819945  798160  18162   838145  624095  122505  681843  638683  365445  72424   977470  169151  120025  821084  352561  1009683 533256  583515  660442 
1222673    452100  1170777 210919  512151  21018   700826  905669  702091  384909  69964   658603  498838  311176  788424  449989  971100  23216   299723  291641  952555  846056  1213508 1195370 9618    940908  553621  956474  975568  626402  789004  1008221 1078502 267248  1219140 1120793 288266  227433  803790  990357  612342  403894  426288  641321  245210  744852  621450  1216311 298209  451313  1038092 28091   74696   1028927 788     84314   277303  84549   570929  30198   241092  890073  568559  849734  1157321 95166   747855  222914  1075412 1081785 743411 
1675376    75265   137943  1485242 319069  247790  592995  506720  1193840 417272  281553  1234113 969226  977746  135663  1207249 192366  16540   14414   581723  1567939 724998  867691  1577408 687949  197289  717369  214184  289501  1070141 1288452 106641  1145406 1426395 264891  1464475 347193  857886  644203  1541033 1623543 925757  1448154 917393  576511  256825  797650  768877  273366  812065  23608   165929  210071  1239683 416345  1246405 1436972 1482098 1460589 399481  876863  1073665 506123  346894  1173069 771014  484377  1520262 301909  1128581 58928  
1340871    1250955 1337898 338427  290814  205985  159159  95714   729264  1079186 1294835 396867  216005  101751  199310  87327   559553  1118484 118664  90454   1024132 410218  1098915 194538  548411  642723  267433  543086  374093  190677  705588  1220929 100761  1294310 810179  983269  159424  969338  329806  139511  1299348 283770  536378  174482  977215  1327382 261809  787591  1104996 380473  128869  39080   41514   478607  825312  1181619 1121330 343568  383835  154552  534246  340246  626304  1226701 293685  95612   869100  1044803 315774  1198906 1184314
1549083    290277  1477754 1271696 593357  915557  1299208 107     314172  1073202 394245  1177286 755350  1230791 120233  1140263 1312662 297161  731393  240814  13688   996598  177498  318970  1500452 999045  1153171 679091  1463832 896194  1136928 1279017 1186471 610989  547020  1325218 1526547 1391618 1325325 1386109 915738  1264960 1014313 1216478 946669  1134546 807658  710248  977097  1084442 496452  536175  531957  219340  855146  28716   1218386 459234  707807  1133135 900818  1390126 408460  538206  452032  955480  1408815 1523969 343406  1185057 1360996
1935880    940513  140209  665219  860065  1153882 1234514 1041798 371335  1689382 571773  1825124 168376  538862  333582  595260  1595956 1466383 1090610 1832729 501436  1845477 74526   1318832 566914  567817  548990  699709  600226  384563  345269  140144  732348  485478  805363  1592413 1639361 103997  698331  1417968 1200652 1270105 1307212 1369028 1216239 1048067 28408   876315  578570  526291  180436  1080006 435888  254963  462958  410074  230052  1011948 1109784 830278  803784  1455053 377694  1536132 1347804 1183057 1192666 458557  694326  1298269 1876525
1884400    1129286 1096929 97567   789205  682036  597447  1464272 1022406 1267418 1239861 1286013 1770219 644696  479723  879053  1232788 1547824 696909  750778  671968  684075  25872   682900  958079  731081  1161838 181988  134927  1798148 1202553 719938  1775386 415082  817505  680192  1097119 262904  992416  967477  1530323 347877  369090  1416142 992573  1581166 1143147 340961  1244590 1840057 1091739 764510  1372084 1849963 295362  1178115 696644  1457201 1360103 1563924 218901  678256  399462  109887  1825690 1216967 790079  1038409 327823  1782496 121487 
1831648    1477413 1070945 871776  107107  1389199 698348  1125444 452909  882245  968368  1032955 513849  1013227 1697582 990940  226304  1129023 677987  1593892 222660  878099  853418  1648547 878077  1378433 1711395 737895  997072  263907  486742  1529907 949128  1557687 1609491 1056235 323047  476191  1389488 1815412 1358436 526208  224528  1080093 747243  1129918 239385  181355  427293  125180  1775247 1689409 211087  4825    714116  1089165 1383258 593863  1034868 1588139 65578   1521610 1286398 1014707 455457  1064241 239294  1817960 1540433 1628782 1801725
1990498    193376  1915277 1621681 1156588 92353   1230638 1439873 1014330 1028875 781229  983767  1318984 168286  1270063 330941  1897125 567807  102895  354080  474535  840503  1165484 1963932 1446621 379087  67543   1186871 563064  333539  1596572 621270  790610  1521351 516147  220394  1877398 1746785 1660267 1164924 1048856 714692  158193  377343  1146673 1691951 971978  1053300 532954  1338568 1671074 1007489 188573  846060  1244618 1898888 1225147 1575855 1095262 61408   182590  965030  946372  973200  495884  1462519 1457288 646478  1482500 1390752 84599  
1788527    715050  864569  1353872 256007  167106  1659786 1720630 1048091 29726   1087413 39170   1253127 904458  167137  1682307 222504  1431712 235500  410812  1414844 913437  870632  512668  631435  649693  1466599 378153  1296041 745923  557769  1711572 209726  1422339 25669   465733  1589445 1685456 935116  1386289 1715182 234002  1425459 1717061 1138461 341348  1610842 1360965 1773060 595094  520529  148129  257283  1391161 1198076 1425997 789606  876149  15624   297120  370824  573393  757445  580550  744484  783114  1583563 545403  680043  730152  680444 
1759294    546939  1481394 1123025 277347  339836  103342  589032  579946  632006  352166  654112  1593544 221005  844988  864710  157540  1384077 1005255 295662  293263  1401044 11359   759990  1305749 1536371 1562684 961328  1389938 103469  607989  1455403 1264734 944415  1433460 1542082 139283  1536803 371820  719229  1023841 1338313 228373  1472417 1559318 1687687 577833  1716859 1312470 438120  253227  460766  694197  878912  75788   854978  655989  1638472 57012   900959  1741941 1279327 597068  1247381 1078774 885561  1644495 1218057 1277396 257022  792318 
1253643    751199  852353  1008697 1035531 1137220 1164089 179509  421922  972472  485689  472302  953430  61835   892881  1172153 906172  512872  822902  94272   1212588 920113  201202  325043  675152  958261  876381  990875  82075   396507  179676  592802  1154517 1038841 354667  936406  929229  265113  1122726 97508   1237586 361584  576622  944184  423419  222671  862695  75948   742355  438765  177032  701300  105236  378234  1033154 787199  89663   655893  524432  171738  1052400 710919  764540  960086  496117  1119207 649660  178514  137489  525554  276023 
1093106    546366  359712  945673  744352  795940  255008  259248  706522  388807  340179  555799  1009990 894047  726527  704081  599763  283607  211810  777761  646637  595949  648208  515733  488394  374593  723823  1043582 896025  829625  401119  657997  752528  760831  510564  403774  933307  142109  663022  546724  530916  379738  479059  917442  650321  112480  528417  156979  865730  740228  934740  888903  712713  489843  311530  108001  240972  1035353 58477   43891   148408  459596  701888  900936  596963  119346  681246  437165  261455  720805  360425 
1752537    1353158 754272  1661106 4207    844159  317715  1128357 1232801 453930  436789  1382196 221820  359821  847648  1273568 1678507 196518  385609  782086  1095450 1410695 410612  864916  274328  293321  21827   1175548 56172   925513  1534359 865597  1652848 1662808 774167  1657055 754430  466059  407053  1361409 919989  843842  991068  1141809 1203663 1212894 662840  503810  1409412 422626  1285896 126502  1207499 1070685 365596  1481827 1364006 387423  279015  1420178 687113  60837   533239  587424  1097822 681583  1618656 99715   1147642 273172  835301 
1769214    1175757 156513  1420583 801556  531844  1306055 1441686 113237  1033247 112840  442768  513598  1701964 276152  1468212 1098085 1722938 1166436 416961  819119  1718809 1683179 1501544 1085127 1198824 846963  741014  834667  1009205 990360  1271499 757896  1489021 922868  1559453 251651  801858  1574073 364888  65891   1686914 1149804 579489  192598  1425956 620635  1290683 1721828 17857   280579  771733  309600  194544  846211  1736875 1735517 1693175 1050823 800970  1275314 271969  645404  263996  1760990 141206  54235   585575  943064  1628309 950464 
1771660    332501  1717002 114904  18777   1225937 80011   442529  1313837 682170  614436  1502375 1097704 462404  431564  1233091 382233  1753703 1491411 531520  348087  383836  430894  1635268 103059  327500  993791  622592  588773  1730066 1114606 736736  59179   1059949 851641  1617889 282498  931652  288758  1364607 1613823 903194  1095322 708139  1133870 1526887 169571  1284376 1277202 1429254 44236   1625290 41430   243402  1257170 1684421 339174  479301  303626  927947  205980  1418232 1664684 265159  474793  512937  111388  757291  1444589 168418  350239 
1175593    439354  1112814 429837  607346  429701  570309  921559  104637  790297  23395   938169  269179  922527  274219  375705  289765  288599  738847  665950  460315  1127991 1057414 828704  607370  823642  743219  416505  979652  1022106 1003483 1086521 285867  940705  665528  42383   519576  385007  963942  948976  1175304 136507  711552  593653  1059034 985771  118528  173207  423541  857375  1163920 883856  809774  194911  536967  566314  167723  104594  982819  1147375 275870  1135473 207473  886500  900585  22171   78054   569331  407178  191166  342715 
1363235    223739  435868  1000521 252708  455174  985980  1153059 1229318 770160  1047614 319302  475068  365757  986522  351877  761957  907147  189873  499651  1120296 561918  1029092 664667  1031746 952161  1197259 254496  1152347 997367  507393  1118036 1221106 554738  366799  1085291 621389  964256  486593  98949   371181  170972  418252  457726  148207  1016251 809603  521641  560163  610954  1021292 1291936 1172872 298627  593368  452861  1250788 38870   318834  1039900 1036237 826227  794701  505585  992442  1161500 227641  1225309 762522  714234  1324258
1598990    1092162 345777  1323187 7621    498858  710532  1479107 961588  1418016 544472  1408044 986191  1088709 764625  130907  1596607 392125  839733  1545769 900859  488302  251378  811624  1041584 1045075 431560  29975   1101449 619960  1399469 1014035 73054   106178  738232  80675   605037  1448764 1519704 1566625 1227713 465186  1335602 574836  1513817 501237  705743  1471356 853284  1505398 1418136 155153  394710  70524   966777  1436294 1075521 1358259 1426192 577981  379229  1226671 1551938 412205  1292771 691180  452802  298818  500876  373517  226376 
1356112    391929  1452    1286137 1155535 847211  150500  177051  1168475 1331888 112197  1307200 1078578 953445  171249  1018563 519367  1243474 642417  565328  1096870 352754  193230  846181  167715  885416  1134130 44446   173426  1279613 1195034 652698  913190  438134  582723  712613  1285345 1330984 889665  339356  1306760 243510  290444  270875  438604  461693  1289438 957971  946815  1173503 764947  687573  170145  958177  775403  935620  1085241 553421  980066  1258667 1074682 60636   555253  631760  498770  379625  1344374 428003  354497  119575  767359 
1457606    1113795 378053  68758   748055  379686  457856  443558  302018  1364985 275521  1229027 200700  247322  758388  438243  782939  23613   294025  944469  713275  336542  862402  1253536 153694  29321   840352  519038  278278  1025457 1266617 461182  681646  187065  99930   1429702 136741  557787  415654  438759  35156   261166  1237777 1263453 78478   108549  1271686 861418  132163  108105  348281  415428  14637   1210683 1238954 168332  809995  621700  687370  1088273 189551  496381  1119445 871198  683446  1219376 413284  820188  1347153 398928  828937 
1817874    1518114 1297316 482280  515789  395544  1268386 1371869 688575  789850  151152  96295   385043  124273  1401386 666499  1222306 1443404 287741  77608   1433556 669251  1327467 578242  1639743 602665  927878  1732309 1657418 344214  1532533 1074544 1287875 1011975 982370  1229210 833065  432883  783205  947186  648279  934357  1043482 1033322 1058630 52540   1125368 1706483 921490  1413109 1209637 537172  1507906 719230  540960  1329776 1321896 1468838 1244211 586986  1238599 384416  1661530 708600  1396392 826027  119936  1655003 684456  903141  784316 
1184480    827796  430718  529499  173856  26262   1026043 989601  1137438 1005335 1057800 368557  606301  539429  444401  79845   409081  390016  66069   180539  1034941 865801  998490  653037  306021  827195  806389  751929  320981  805844  778295  492232  427752  24533   1000323 601608  29387   841887  385322  1145417 641334  237234  308086  63155   776663  752488  121593  1164336 1121096 166254  138988  950149  1010647 1137478 418706  132189  780193  40615   862710  1079766 825051  456525  366110  68323   459650  181953  669931  489037  1023840 1033845 428566 
1158088    506424  72405   533746  1093847 566133  606651  308160  363357  62369   1068804 959818  138704  515858  755484  610605  271747  589995  853435  618681  527198  912744  168687  849913  1095658 388512  76476   296471  935961  788186  63014   106135  136522  905011  639881  72281   313056  858036  1150033 287917  920405  1060749 89647   670614  418519  845131  892723  690266  1046630 588071  920451  27244   342727  700642  877157  1049890 1089155 565137  188273  867028  195235  1020879 584667  1101349 379306  836053  15543   303866  536001  777080  591783 
1464384    720110  1389654 891645  843517  901049  285240  1172016 687479  581199  333243  431339  83759   82814   538424  1223929 1282873 193130  332122  573965  1064949 247178  1252080 226243  851124  801581  521522  1113807 1153479 875570  319926  978478  131296  245197  1173419 278110  1146246 761955  1450126 1137022 1343155 1086665 103977  1426914 472775  642402  1186459 291264  138828  821877  168525  1203777 372351  1420606 1430020 1223476 61099   487158  176195  517874  1362729 496121  31968   797321  741318  508683  1075431 1190861 1270639 364469  863499 
1264381    1244319 1159434 146194  959069  930145  910774  509506  1030129 1125326 124786  122348  988783  186453  858706  1079747 1234972 459114  1246891 966662  204949  1040525 759382  1165566 641915  1195657 302289  809882  307345  1072044 220688  1159152 1051982 815412  40965   181961  481177  387029  691467  946596  247975  251543  1068944 1236758 1137668 98560   487414  1108259 1257345 1169595 810540  197913  945739  305541  798769  323273  936489  1101058 568445  679124  344012  789133  573896  131613  340165  614861  1013245 256632  1001891 440331  638518 
1779371    463130  1335498 1134257 1084613 974444  507361  419228  952422  825930  948037  1350055 422905  1699225 1731937 1289981 709715  1772938 206041  805700  1321371 239986  1299869 992228  811020  690740  388894  1060659 915481  1078594 538679  1612091 1541724 94806   1184126 1064115 1286399 129265  1700492 676599  955195  869159  247283  1595249 1006162 199850  1105859 153655  410566  1529050 959355  169715  206814  697003  1379092 1017834 1387743 1767986 516271  741002  1284359 1054950 790871  1263861 1366906 195626  765755  1091083 324891  686876  1767683
1863988    922059  145658  1571792 1785176 371697  143843  169116  789378  1752317 1614321 269722  626985  1583329 570520  1235853 1626729 1022893 1198429 1269886 1020972 1658281 1129970 1668010 223043  58628   1084721 1557957 233232  584180  726288  1817498 1506240 871946  1525302 1257956 1243644 1499673 1427073 1863550 1388002 1007934 269285  1845515 727275  670333  1217380 320544  1693226 551821  1590430 680739  176643  856412  484761  399686  745568  1400010 1788171 809328  120202  650471  762838  1456970 1522418 254680  850939  732602  1754354 244552  732164 
1310673    886176  924321  761529  109317  390773  51200   1170200 1276074 119103  616766  1045726 226096  463545  26353   1193291 228376  892130  774132  1085682 682161  520740  1268626 1183660 390164  444296  491006  253728  706628  112593  586072  1234609 998769  199720  685465  506812  590494  736665  1075738 1265294 254494  1091230 1000347 480590  244102  425426  1072608 472478  716282  1245466 956886  87770   455533  313565  670156  244424  757861  1161162 498152  153817  1273755 1084224 77753   360577  1283945 161944  867389  1273165 297335  31180   1227786
1590249    104153  1147273 305503  1335780 907267  466445  1196712 1351677 891138  1196889 815061  1195349 322898  230978  606181  629338  627800  706797  997497  1091055 1148681 889488  551356  1523549 197338  60815   1173144 355051  192042  819856  1414778 1238947 1319631 1072784 984478  636649  1539229 1533693 1340828 840119  492835  565640  445219  815734  796618  1051400 797574  1424419 1110699 1147573 925225  669131  446812  829083  602431  644150  242400  1128077 999201  434443  357684  176233  83141   1029817 601519  420121  76217   550499  1306316 769547 
1525484    894914  149203  1426512 645684  335708  1117999 1391847 1217824 1203592 381136  111402  613464  800720  1463299 409992  1459048 244980  232612  126861  1117256 1306832 863444  947678  885988  1272316 414471  498945  785904  1254230 1234824 1092167 1021484 1384027 993196  141684  194252  983535  405871  1412076 661643  787007  395819  147448  62243   731458  955264  393631  976438  1187876 520493  568211  1367048 256277  1515889 727553  3110    802700  98838   1186838 929271  1333662 1151345 425271  64546   1016881 964780  656622  474933  1370651 543214 
1456731    1352091 110934  721693  1369641 743211  292284  580696  433669  421683  1430260 1142202 248982  508552  572481  764337  466969  841381  775625  1236208 407592  332852  960393  1346949 341074  219266  179099  1070612 1441238 10002   688262  504265  1362093 799197  1225958 1275003 1280254 1256089 136814  1451769 221041  110343  1137240 470023  356742  252991  1234361 561557  832218  291101  341035  1239810 361799  1039274 1130028 702873  1258540 1046974 316754  980894  1056976 1005017 28428   700184  85329   992232  256302  1103429 791590  393117  1098468
1035635    420686  63999   5722    40705   149015  853790  667553  809299  235877  750805  182451  70821   621327  563940  1025338 1013750 809137  434556  790441  359341  923650  308558  202386  295890  959932  448112  814619  35410   131270  640821  196872  975299  704821  202594  1016004 241543  444091  35629   15208   679968  174141  621001  750789  183175  149306  128200  161291  346150  986098  339439  705491  874113  35705   295584  557710  995637  131404  336694  418754  262674  365223  615626  202338  34409   818220  606050  275952  226676  29386   714502 
1381013    457090  1187800 1094662 600345  833096  832075  165311  80239   763077  972504  250283  729918  249589  1094409 1240223 703791  414349  1331959 1043204 187434  950538  1186258 901438  120589  772237  383530  159566  1127277 752306  94990   354058  1200963 1282790 67707   420296  726440  891350  585607  806679  273414  168665  1056963 1003333 418254  761926  854110  1113612 1176275 805056  775804  1363709 374581  581049  875701  495170  1344853 1259231 654737  1082684 622092  741294  55729   442042  634638  115004  853905  1361078 1006354 50067   786745 
1052017    211906  225392  161271  674766  215110  621357  625558  584956  157571  584256  210968  813276  700793  62048   989834  505082  417406  407851  620033  536476  774813  318641  154203  228306  473961  258568  358123  315888  10447   155781  677255  222354  64222   521576  897120  279332  90916   470661  547337  983553  737967  441354  744812  69792   186451  365679  257923  286907  456579  561006  823383  914442  879647  977586  90731   1036657 184138  448854  300528  194585  287684  977783  99988   351906  447342  680157  314287  221307  98802   861624 
1293736    1264787 997086  1265024 971560  619640  1004394 402565  18978   797622  892134  480498  318602  1172880 758302  43126   426529  376781  418782  759418  2181    1196622 178139  136295  2561    219589  1110071 1051911 40566   584600  531745  506840  555651  353207  596241  351587  972847  306899  872264  1109938 1222633 588774  296700  365611  467918  1173114 408738  1012559 256160  945632  478241  376453  848518  656381  512748  851079  994082  447195  727367  1034648 1031795 83488   365865  411822  554807  1080218 763410  352030  211493  460050  168232 
1849058    738767  1194492 106780  723005  1119617 27504   399507  823879  865032  1237700 1665688 636561  998285  261962  1642028 1015537 678928  765415  848666  1365113 1781591 1244575 1712142 1226478 1179585 553756  980865  946296  1271162 418441  823099  160871  1612934 929880  156567  883493  230074  556074  980062  1095107 1066464 796692  1731668 215692  331344  797328  503919  282962  1562744 625275  1648076 767967  20792   1511160 145388  473067  215858  1126253 692054  759710  1544694 1515153 920582  581260  1717723 1077149 737443  98740   905913  1717505
1797142    1348739 88689   1030601 389635  580184  235015  331123  399498  43403   237412  988690  440281  1551217 1625276 805573  1424806 1137984 1591282 648342  1601875 447938  665124  500683  761135  1675941 1214580 453226  911381  55287   839542  1318164 1505068 1029273 652665  198604  1609457 887681  529727  211814  1032126 767139  1301546 1573449 521214  1129681 581880  249921  470523  477062  999305  376298  925001  1664429 876981  1787178 1543229 395461  443262  758510  551790  1383846 380575  259717  615978  1134282 458321  529335  325863  988048  741149 
1975540    1492129 55610   1886147 1030836 1896039 1574628 998679  375028  1879162 1105994 407693  1346389 1586038 771550  745751  1572079 628974  1542978 1163813 1074058 1113676 351276  187441  1071748 1022057 689708  476626  341920  1033000 189911  650170  477922  245521  489110  1437090 94352   88198   388561  469381  1967360 1422887 877074  1266542 961717  1648624 36753   558256  230390  1508063 1722070 1304449 646200  26138   1420222 1646280 1048195 134391  75698   1318448 1095723 265610  1896950 1573645 439463  410520  963527  533816  498718  1280420 1003197
1163421    410043  817242  381131  600885  809797  660544  25562   1043002 248529  191131  497972  949656  56514   965263  891539  452763  371430  607396  651363  245409  790469  970996  278177  1063015 540915  1104629 892771  401903  343567  163088  686561  753610  8427    95789   191075  818225  756334  216637  889324  32960   407768  223875  10713   655800  217235  902252  136660  588666  346227  788023  1025593 164793  595599  331867  64388   164611  464593  1148677 758032  808161  148345  281173  398350  348290  376962  589425  3094    161393  806062  892418 
1610884    606571  685852  42346   1360407 1529605 591135  513904  248862  409912  1303476 563571  135321  206140  1529345 295084  193933  1278153 734677  1310073 1549754 1253250 1414428 1233264 797174  4463    572322  537191  81827   495492  635901  198860  926788  1146477 241206  676311  1065198 657065  1014939 1314060 891702  707531  91471   1027023 913671  1445541 1322107 932328  1112810 445900  631518  1051680 1523875 435062  674060  710165  264249  1071106 1072080 346077  1391323 97097   369661  707227  1068299 610867  1208262 522613  1267933 612317  50514  
1444382    1012651 1350595 592700  1342522 1405890 660905  527037  355088  773215  123611  272506  232648  275125  1058347 36463   168025  1157747 1316900 846520  519060  80629   658445  854171  1086604 147332  1119237 700602  673299  942727  179598  958972  823382  398197  419676  721522  359706  1392967 1248559 1027180 1034187 240174  1299687 134839  827686  1226038 171303  995711  1251789 43821   710235  326468  436836  236684  48643   391445  384016  1167881 1404433 1369702 978612  139649  884292  669998  537846  171973  1391520 1209938 432944  63702   792737 
1382605    1346073 149541  605527  165113  755052  112523  964239  1186228 268870  1024211 959234  367085  60864   1332003 826791  1151181 546790  922394  408952  769582  1188613 370090  486657  1155971 1345423 796671  1089831 925973  248376  591509  869692  211845  442967  92614   78875   899936  1289659 1043115 703560  1260446 684721  1364711 244927  745586  1314109 773635  216079  180211  15342   625031  949793  1203955 697038  53845   679238  659857  552434  88382   1287747 800810  679891  774834  714572  824776  569366  793448  342107  476420  155875  747584 
1864002    1138250 839514  415031  170304  781894  490281  1482611 1560515 1858457 1212179 1608071 122292  1645423 1833326 1488209 705687  1794125 482006  693968  1200624 810848  1222043 519243  1391952 1279212 1413895 1340932 573793  1596454 1829853 1709778 717358  652021  107463  734319  1433915 597744  199584  1130428 438856  1411764 721154  561148  1039841 537134  32011   1745528 467257  514018  422150  1667881 1171522 1644193 169778  699472  906060  1583673 23058   1326509 1316125 1852911 1172285 16138   640930  1126404 750457  57500   1570804 950041  1187928
1465727    1107978 385072  483213  1252018 966924  876998  215962  116889  1226862 628737  429821  1070121 360021  658598  1331066 666434  1420191 1041814 155907  1311117 531044  1291411 1380908 1305688 1369829 94553   717227  818135  401665  1165290 1288070 1316050 84635   111963  1102342 1051560 988961  1124711 1168449 556503  287722  1404677 160897  454150  597549  1298370 926991  358420  874458  1082898 10217   1211909 714989  1391126 858277  619091  19952   109778  1437226 228024  1275068 1065976 78348   1359703 984347  1180690 751943  507581  646081  454666 
1442937    1231929 502255  1103626 704014  460878  230263  441336  875912  928846  380145  324836  667055  217274  913639  596098  825898  1130812 1253319 200752  160712  729749  456516  1436379 578713  1251376 319629  1408687 865559  1209233 634549  705345  604834  743413  366034  1308848 810899  596297  1356793 1293420 1131751 1343546 1224864 355869  117884  695566  558576  943782  1432986 368958  751142  1200306 1098708 1207659 1193748 1284029 1016098 70440   1249779 45328   1279674 48000   750673  48179   398021  1116708 1357027 815528  1319613 877491  666011 
1465513    540779  197127  603325  652882  452187  220073  362727  1363999 880045  1403504 286056  1102178 204618  1295926 79053   186109  526652  497409  983606  556973  167433  364303  648960  1260908 440623  1142354 789605  426909  907840  1136281 1120652 1448619 1333409 1216874 635988  1278493 1436948 998716  669876  344377  429604  448830  1446555 634222  279243  1018505 820331  298792  1008811 1296834 348663  1176245 1154035 997623  464537  129145  674464  747039  48951   1075202 417808  1169603 1058308 1244114 413862  1187194 549991  385297  213294  1219868
1981635    25728   979201  1852329 1621374 497452  1217597 203033  787766  893923  1529532 819500  1248341 1668820 87737   722466  940446  198086  1740891 1702397 1373638 1787638 1800107 1556931 463175  422374  161874  1660810 169047  520229  188226  1610079 545957  1776119 1480773 794388  291936  716735  997421  1079702 237716  545318  526260  1486057 841195  1222689 835580  408699  1420775 1203529 129461  1421471 1618224 556625  1605459 99765   979000  1767333 1760575 1756739 305927  575858  1385184 1460576 370342  884322  273329  662278  228115  1879442 369037 
1652082    320855  1634960 404870  1347610 1293368 697833  52423   759801  511222  1630996 668724  78739   974479  537222  1443380 415029  1446796 1314367 108110  1515217 885759  1355150 376827  173929  1174569 104682  495093  634121  1550963 803622  1027953 442688  786500  3693    138217  650739  701526  413592  1410540 1435700 392507  427182  85310   1366986 1187356 1528690 129933  982070  1190976 460995  1068157 424653  164064  1444984 821535  1561585 120536  1539580 543624  242369  691120  1571577 908010  48491   1575270 1269179 699230  847667  30689   457688 
1754673    1060756 591960  1336191 301346  598066  1106921 289659  883057  263085  1306114 843965  1505559 692335  1043749 862036  506585  445954  519813  405879  1618405 1024096 1184743 298003  629770  50905   732540  232758  1355109 140152  142131  1218222 1200908 970195  799740  1738359 49692   388092  273345  932749  651177  1579459 258145  638168  753225  1537998 1500204 1495914 229279  265344  147120  93012   1525545 1567967 627119  400642  1618873 1359660 869505  1455413 1735916 1247740 1155066 1182151 463263  436238  1401941 512955  824330  1675287 1681809
1909167    1617980 1142120 81642   1357507 729564  567271  991774  642557  1410956 1419015 1059705 1614690 581540  175099  1158755 526474  1693178 805704  870686  747457  1867910 879584  908645  1858641 1581670 1459977 1061884 257357  193035  111328  270832  231075  1582676 352474  1588582 732300  1248972 1000417 1704084 1079988 510265  1183850 785511  1421032 1358949 364327  38340   1142960 1170031 1238253 1890417 1458001 208670  1219122 1407475 210401  769932  560193  796985  1292194 1000748 1067817 1852497 1003484 1749518 1531912 155844  1089323 623162  1859929
1124171    271996  303700  276689  311686  878517  901207  249299  412660  730919  966468  912137  329552  492246  1117968 938714  623663  460172  903894  869866  668003  905182  584353  485450  892006  185084  1009478 224380  275299  758199  318226  21100   1030196 304888  1104922 1024844 59234   564921  149972  154856  171669  1116440 749955  184183  484515  743753  1122897 1108179 79754   585582  536836  430719  49556   804152  916170  941562  672198  801477  848904  947497  118467  42960   651559  831625  30810   315273  732298  897178  880194  882270  734996 
1003701    831536  374368  941006  410078  776121  792262  758633  670780  146143  803410  584854  521426  379472  777730  288697  551201  53587   617722  850486  833485  540761  46603   26235   313064  82289   605887  749066  292544  776065  404362  516547  603901  211521  890344  10278   987642  678905  201702  654721  257840  1411    672366  779266  817376  882888  500755  364876  936475  551268  648153  199050  524820  694756  225286  837884  777045  263964  16041   502380  36328   856895  15226   73020   64715   338362  519790  485148  13566   721492  136168 
1124692    670390  860438  101693  1062805 833272  1007281 499556  1028917 304152  258828  632084  487172  515595  776182  583582  877880  908870  182605  847981  702932  825991  490592  728765  1029684 281873  925185  788886  1110634 453826  884882  139660  677596  174009  919425  615709  560661  355394  668645  18266   659546  480854  650351  22026   549829  301841  158989  303017  764092  341594  26306   342332  720966  70279   1071097 625958  352152  871590  968225  338094  878797  281795  31135   431701  455804  503940  600791  569846  859335  822816  588112 
1286418    1268132 732527  1136724 1229323 166815  862461  989093  511385  322937  743381  475973  733523  871072  1034794 568094  156141  710255  1188331 755347  606182  688494  680656  652945  861967  784683  90582   313657  222018  1176877 560975  594233  1158591 841497  444539  649491  1008312 20582   352166  233279  1177932 643541  257246  173031  1062608 5622    289119  766743  715877  1025444 235672  870053  1261933 916329  1070993 837482  414594  1161575 699133  184606  1052034 808102  778839  472202  363181  771373  669687  919487  339949  569847  700760 
1635634    1105728 723212  1423651 180810  1054319 1205142 1568117 1082598 26833   1193558 1075048 723528  1400435 1212519 233278  1478133 1595118 1309541 989043  1249897 42213   1390064 706341  162759  1344717 856878  131142  617951  1279333 934507  188038  853221  22085   79849   1137826 1076404 1388786 1070309 523369  1519413 732027  66577   607307  496828  1382890 840585  443121  1342374 514492  1535958 1060431 660499  1290389 234932  823258  1103266 1091810 1058195 85583   839303  357068  377416  56891   379153  457265  1194717 1559352 314211  733186  550881 
1000315    364738  375255  868981  701032  888795  341165  281020  523458  314033  490357  418024  402898  682382  828606  937055  795433  765563  626342  950916  762908  99165   510169  143613  922115  978954  376926  821060  21328   19229   994955  946913  576624  562552  815579  469998  451032  349087  751018  166832  855777  241061  777513  451017  115785  798462  387758  911218  756367  206442  54162   518960  498265  564331  662574  612722  542970  231842  433467  756956  251071  620764  896211  20037   183001  711475  490036  826690  252904  433396  185864 
1414064    420663  1201566 284543  439517  61643   399445  319670  613665  1148875 619823  1282099 1078462 1194636 89995   1292612 652429  927466  504309  1119815 68065   350876  726900  769616  921935  422488  371050  948374  1182914 378231  852023  76522   798895  639525  361066  303916  1180736 1240079 623586  859905  974890  1243410 727941  639288  89486   1297504 997404  1221483 810906  87649   927235  1358540 438525  719639  714092  425964  1142127 150646  1374338 1390546 1008445 812298  53004   872844  517327  414070  1176760 763568  719654  865851  209409 
1100900    214917  743954  336565  128563  340511  160277  860594  361577  571315  73625   532349  1034140 978277  844429  911117  721916  909955  128187  567570  859357  179725  206715  154177  334701  1054769 650070  85861   17187   1083205 144086  43112   197222  159393  751929  698037  499904  912206  829983  132833  754873  903609  1037435 1060366 52338   52316   870583  774254  962272  998770  613177  1092981 449848  819892  146258  784549  45113   67680   870410  62301   49985   285848  105413  619459  445241  857342  588848  945145  1040900 317932  1077979
1407933    275768  37812   930147  51548   1246646 1148574 30106   906577  330743  760305  1219858 783640  553975  1204298 254730  58608   683055  826176  1253816 320119  921560  1089223 572049  1049104 39305   1071005 1154678 1150302 26412   1201542 376747  1324290 853531  1306894 1375838 306421  661712  1405944 1212999 606633  758317  639101  1004450 926469  435466  1259181 985077  1118522 291601  445137  1052818 1213161 126427  216934  854333  1187842 902116  215255  930212  542705  1030974 921136  459062  476572  820098  41144   397170  1095987 1061266 1224346
1240281    1065957 546298  13495   750750  759428  126778  1213133 694234  837993  1138851 383651  1074466 874299  183821  160666  134224  480489  10564   1171255 75970   333436  152442  360666  1185414 1185451 909924  997602  1002509 532477  696053  981529  358153  685114  995024  551666  204261  564565  1207562 341259  162277  1106133 167673  1236743 182914  1034538 157128  317138  957791  850736  931157  1033761 1184172 1083599 154146  1129305 471532  506833  329390  233760  482073  468206  1215289 840226  1153320 970032  834656  800344  977360  801937  1141603
1519797    981773  583341  67680   238648  95802   1032350 1328246 649580  135826  417028  611630  650805  282532  1348135 333412  397544  786321  876585  173742  1108816 1253880 1164860 1501611 1001284 741387  562916  831744  1472034 1141466 264104  865196  592955  847445  932876  831604  932761  434942  640053  52057   560282  1046594 653201  1211087 1329126 481539  14215   206873  1257373 880314  370128  846392  614397  15191   828207  95885   746092  1380636 927629  687842  1002305 1181246 33241   75464   498408  955630  896581  1431169 1390573 16837   1483226
1115243    735931  770347  966940  864858  60371   118691  164595  1024039 605846  622781  999674  949845  1085396 1060608 604797  183740  354241  799338  916645  53149   921799  627577  839176  207579  600051  1071682 608852  1093332 902950  167085  193529  523638  937432  45226   273253  997804  638288  912218  906600  128891  419757  150158  437863  389910  95524   1042660 1048020 924135  85882   208549  977284  1007682 836126  701218  574388  320934  16784   67998   299024  919735  235083  966923  802500  57272   371277  434881  1055076 1009565 231856  205560 
1785643    1169681 1464492 578000  1664370 80657   1193001 1057443 1656180 727434  1314929 214015  1157985 70078   1622463 190901  1523440 1438576 107562  1751854 1755462 1638951 618950  1310829 1669909 1416257 598478  975973  1128720 196964  855206  1620866 1366645 534055  1058104 1245373 614712  465462  1162054 1130130 1192896 691341  1344145 1210119 1406300 40204   1401021 3335    338018  367821  1755189 952718  221130  588497  1122785 750277  863992  1721264 585488  207070  132585  1440694 687174  358468  189106  1745278 1603841 1448699 425097  1625134 793186 
1978170    1166357 1266114 749187  1742454 734499  620073  988639  1391360 1343441 1198939 1889573 939852  786301  349728  1973702 1423940 1891422 1004220 624113  1500769 961918  141371  1679668 538537  1881251 983266  1610821 1081735 1500022 787145  1338729 1497181 884061  918719  1261466 1618560 1538792 1080907 1840722 1713035 1110648 582927  1483689 1896950 932656  310023  173522  845908  145046  1606607 1177480 1106964 578780  878978  476303  481861  1862244 108954  1563596 214899  1705072 1733128 1712080 610963  673677  1804348 1060326 1043271 1716057 922878 
1308760    1027786 131978  1304238 80268   79634   16482   328980  562174  303738  436839  414714  640374  1259589 41214   857717  1212712 845649  80704   1040998 335270  657376  586298  705882  1271829 435665  553683  428747  310087  880080  498446  1077486 790618  821936  1264476 870886  901570  1280958 82618   346496  467448  710969  761211  1299334 661798  802425  1039804 565750  530826  1120508 489501  1057608 660636  1075799 454731  815217  394217  1199926 1243965 895816  771246  625163  664542  253105  138339  620258  6743    1039909 783969  280874  269157 
1388112    217723  72336   1099656 488498  1229362 1100212 178856  608196  402456  77309   660789  925980  277205  164064  1332381 339254  1284638 974546  677414  1274676 870197  552492  535589  912744  303422  352941  877821  546431  186455  665387  1177    404178  663339  1100833 892676  430205  738549  997149  964018  1141005 1000074 236695  678873  1202895 326375  548758  154037  148517  60809   831451  35081   931006  1309559 570671  381255  150486  849228  1184692 696917  961299  387583  698094  1365477 1050923 336431  795658  18632   1074980 330311  982650 
1969549    35058   1736666 1493970 342239  653647  601515  977556  1331142 306125  1813872 92552   1708246 603249  1479523 747968  1471267 646524  1644323 1047232 282438  1267049 1419558 1835826 1594290 1048829 1436790 952714  1709271 483161  1729916 294390  1812531 1497034 1113122 185221  1475443 1714637 487539  837037  1345524 331862  254351  1084222 259874  1058636 1832190 1055903 1705160 831726  133586  1312360 1423538 1553145 503399  1048279 632425  1940190 31444   1666458 453802  1086123 1960848 296784  1907919 1104422 1776316 1413813 174272  294307  1575612
1228987    561875  573687  1116209 134522  691925  224367  308670  1122479 28871   725057  321270  196478  229476  541248  677568  875337  498934  393961  971366  128656  768394  1098552 977743  904600  403904  1188383 157710  824594  712358  8744    421423  45247   139072  308645  965397  830998  89653   830708  281131  904152  326779  159043  1100630 112896  700291  549212  544875  1199225 943173  287254  884522  39221   942447  633278  943821  117365  149316  1101531 941959  861674  1110275 920023  463562  805989  785309  985601  1193628 874962  587322  245772 
1579314    101961  1526159 1452527 1304961 1018432 1184941 109571  920822  1513107 54698   124799  640656  884543  212388  556608  1176372 1128807 691761  561456  261959  106950  1425001 834634  1201103 52596   1312871 514484  1158873 642481  1301058 785233  744442  1247903 1041838 470089  687022  647466  963052  411922  964651  1401142 920113  25994   706372  1132502 965994  303430  681995  78441   864887  1327346 185392  1093966 582667  190573  1146563 316224  705058  1109514 1342097 426802  315433  507226  478783  161349  1360707 1549197 1192207 1127838 765198 
1961539    1705876 648678  1009185 1681732 378802  1304291 1549865 583326  1942868 1920019 1405751 1674727 78293   876651  672818  1519293 735710  1857489 239236  1658015 1919713 1450441 1662268 1311450 353389  688619  473928  1952734 27247   319801  1914605 1733123 968480  962251  1453317 1748839 305004  1443200 370626  687890  1803237 216396  802635  1881530 1093047 1877010 1439285 268775  1772961 1678521 366809  171153  1167424 67538   1884160 1922370 1157714 396550  1913565 1184961 716351  306650  1358103 1684831 1268901 1251438 1472132 13923   733099  282776 
1332889    967931  240591  673605  1155888 1011209 1047674 568171  970951  317034  331416  629746  688529  21997   599919  551950  359159  337830  1215178 589692  109340  1021974 563371  286605  601313  403306  1100897 1074074 324926  805624  1013842 34593   440666  1254434 708198  64196   733285  422983  632368  371347  540548  764315  801625  1029609 786312  68655   248670  1145471 406485  130959  202805  316356  953464  766177  602961  221888  970014  171500  1295962 1294940 977124  976916  1329533 84901   898461  704843  149098  99388   928357  581997  470735 
1205260    359961  904098  47267   243060  323552  221847  400982  234074  882447  1013480 543874  628522  431527  202580  649696  251876  1027781 677364  1133012 688698  841028  140982  742802  1099409 771735  393880  349812  1192    5009    1138151 365045  364970  836989  701984  897702  244954  923831  93424   479028  890690  191317  107314  313952  912516  309894  48060   1164393 132416  725425  1092145 1110786 361193  317539  648328  545015  1089275 1042209 894827  1090467 1047218 827718  539924  496601  749120  326320  478715  994074  44891   861812  557514 
1660797    687852  127736  553966  1523127 825472  1029048 856865  1020870 1608298 528641  1493840 694378  513734  584052  52185   266871  1125992 281919  878516  194943  33617   1240873 374073  1059390 1405842 557683  1213160 570132  1418057 688304  1305382 371985  816041  198551  161189  1568386 1227599 1018054 928459  1101973 1473569 761502  62428   253379  1345554 41486   520250  737623  323405  1398766 859439  283896  905715  1160385 1343286 577633  1644941 822523  1147765 1402202 1510827 792350  40263   592944  917774  201452  427406  411450  1219507 1355865
1146238    421656  944020  390969  717269  346373  873949  406144  1106872 1039759 32730   51916   987553  128187  334714  356939  675049  593379  914390  632389  1135266 969720  328364  993106  783045  213175  138525  127564  808941  175225  941884  361891  596881  739666  172986  734276  506165  1046935 1140420 466799  940457  593276  1085079 201898  141589  273555  558837  816638  866935  893353  869153  276089  716836  51279   122957  353643  830819  827847  1047571 1059886 423198  263343  841903  1020080 423136  1014890 28244   929301  915587  588791  816227 
1704363    636790  1556309 449772  1113275 1579785 1071871 715338  554068  1693592 976297  916639  176187  592689  874602  1631025 139051  1112669 990907  149088  256289  1324133 1116240 1009763 444397  684742  381484  1587170 330732  830241  1453687 1693728 1480763 1305634 439137  903407  1194788 1524741 1632478 44493   1527702 918144  974864  13258   1510833 158835  1644283 1663617 1271504 944559  122074  1541526 578061  1238314 846926  1036190 218694  1242142 918998  563158  381752  668322  552523  171885  283325  1005393 1089024 1478113 825771  1017139 1536338
1157450    184130  981241  318093  236927  722377  731865  218083  352691  1126409 898021  137880  592092  847836  71148   365486  1120717 449073  35872   511105  838674  804021  965433  524168  296320  1088507 745626  1119073 548102  559792  396533  910110  330025  963876  814305  566952  528804  388720  785035  467597  357679  111708  605477  535873  545646  262727  487462  508914  297902  523334  606121  1136577 913457  414104  503295  52328   1088713 91471   13951   65467   237366  1154036 975577  567391  960463  632432  1134343 1075369 607254  348030  1129068
1543998    217376  33751   677035  106612  180196  692383  1031768 58641   425434  377322  1395680 735137  985670  735711  107325  777286  243943  1031572 1299913 850709  1186895 84263   744502  217984  183917  1368047 237635  128544  1167941 563255  282466  1385317 597006  1177071 165501  777202  543027  1197270 835843  968461  248164  905095  159600  1233834 314379  484496  467122  558322  189640  440608  1409031 1376535 742441  827105  50521   926358  651154  505726  1054902 492667  1068981 10940   551556  339559  1188012 934627  1116762 404611  805469  626177 
1626594    64773   993389  1471656 1024928 736214  263636  1051710 1226322 1302851 177400  1181149 612452  456209  133872  1229636 1230046 1167788 712846  68672   1590529 283590  694635  570727  1622065 130003  1252094 1175555 1552238 430970  1609503 494902  116175  976298  339964  1141103 85918   224033  186652  1312240 1526884 364052  487227  133174  440694  621099  983242  1291172 162293  1316521 1359844 126228  1220543 48317   317387  836446  178320  1189913 385408  103964  1241315 368317  598866  1357491 965047  559263  492432  1050965 403728  679084  357043 
1681623    291320  761752  1629979 236804  120448  955926  1174265 1411600 1436429 521470  1572584 671083  136033  261796  970193  296554  1055923 441910  848860  1499344 1016547 1085957 1056203 1028302 1068180 93605   132240  343839  987961  642155  231798  1279281 1403907 180155  1465008 1473278 1085004 906573  1203255 839810  1428043 1043139 1459816 1564076 1253858 748386  179008  628159  1139220 976791  394803  474144  330048  1399929 1502447 1398229 1493534 1583610 9368    748795  544143  241167  295376  215350  421322  27684   7006    1506326 934257  1159184
1188995    42590   458002  449550  478615  498301  73788   762119  233280  340049  185109  1063066 48560   639957  772415  1174497 782231  858325  860959  867792  123742  177092  795946  671382  858200  150325  416387  53631   352090  730471  294713  217448  773061  594037  666998  1092998 1092339 582109  666123  1166941 922158  692554  882335  812040  1173833 465755  638864  767069  1165402 310829  445867  1130467 329243  52818   612854  1028765 44466   870563  1082396 396556  412039  29437   614005  1026422 623474  1122325 930426  368140  515439  248876  346087 
1383019    717767  1083298 189923  522934  1132297 216150  1358841 948967  269030  688404  888577  195740  873051  96350   149267  636579  439327  556829  1026356 603917  296691  1337494 1314849 1001494 1126503 790492  448285  303708  1369206 796230  1129728 703955  841368  281492  1226889 935506  497642  164551  501454  1111531 852956  351871  1307271 342988  448221  73519   1324426 887548  630349  967763  453305  927040  1267098 385136  890374  1355441 1175628 300500  276130  123656  58570   367699  1172470 899939  994050  1016340 797285  108673  1180891 1298739
1128481    947862  491680  74099   312637  409943  199751  696234  484369  1017752 645775  1035811 867498  859963  487055  376604  1035663 177146  927262  910416  34071   1102291 45364   841674  187389  623289  219579  261001  541680  1042539 140211  1118162 861920  647586  79476   61772   1057529 279227  758006  413418  168498  290995  336443  1051691 22477   823498  315509  1073835 1000644 129985  855771  1050411 103796  901135  763604  306880  411639  983184  583577  969014  897242  739483  958696  646376  258589  1038172 708148  187637  204613  337674  616750 
1965013    900258  520416  273126  1397820 1082574 1314524 1461856 233628  1249764 518268  863228  787880  1895225 708410  191253  1505294 285029  707854  515122  17779   908581  796020  889866  1111848 821133  1537602 1696677 106968  451586  1295278 121935  1351845 1815695 395062  1060213 1208817 20134   557056  1718006 1269898 1075325 616221  368327  1005537 1324632 559580  821379  1885222 1542995 1336501 1903002 762124  443070  1103416 184521  1264203 951566  1881198 1646733 1403153 1487024 79216   1065546 1613267 474278  160746  857072  769973  993363  885626 
1936182    1323450 1769434 8783    422402  1316320 110669  1580743 608553  1887782 1636967 1483415 41601   819448  455138  975728  1078168 749898  1147653 947155  135647  1815696 1516499 543351  544828  1501416 518362  668376  250516  680897  1463005 654093  68166   1296257 405066  490568  418585  515735  1813502 1027138 209525  1256477 316562  251126  139743  771700  969045  960101  1263788 180516  1649447 1141625 1738402 1229764 1684976 347049  537188  267156  1015425 787704  948054  284438  1183987 758410  1580695 1589053 991168  1741470 1846978 868488  574617 
1586576    932417  141103  939898  669466  1439055 1229141 270502  1142008 1180769 685511  994533  361648  494259  1075098 1126891 684373  1265000 777228  243012  146222  1465935 247531  1205906 1335734 147323  290123  849877  640299  980587  968096  127773  1066685 1109199 221351  149575  115358  1450492 1160333 1257366 198365  999524  1405580 560013  647463  894102  100328  485517  1312782 31237   728529  1459005 1497172 976060  1078335 400010  1123383 1368458 1249887 917363  1502726 1371663 198816  136515  47966   1160423 1026346 163325  1024339 600104  574371 
1415836    1383068 941491  720390  1079324 950093  673222  1344185 786388  1153223 735646  1021697 569715  1172814 1334948 559662  333538  128695  916117  110693  1016493 604105  910345  1352192 525639  1319224 673462  1119468 1363359 976322  187948  61675   1283119 53167   782065  1286171 1342825 39452   138248  713377  116403  873894  319238  1025683 630872  577914  509073  1303974 1046173 9354    1414667 646830  953023  909176  922750  62827   1152128 519941  1182295 23379   419991  293971  85055   287274  686703  1206684 157609  613692  169864  295857  250797 
1989634    854137  1350671 814243  1460656 530209  1388690 1204288 986309  1851810 1951998 352817  815200  12162   669218  707983  1275181 599999  578318  1218094 891760  1878812 693217  1760117 1912585 295228  1200606 1552427 574798  189270  1640194 911348  374845  332669  1725591 1835501 862878  1124647 381594  1849187 986824  1665030 212371  1133462 1008630 213027  1841445 294177  813026  1751201 843710  1704786 1640379 1536927 806707  1563330 1832155 1338752 1126123 417320  1528022 108121  660106  1902867 440790  396064  1080173 1303669 852149  1461767 1163222
1095790    812841  980429  266387  510063  274486  251520  33465   737982  399890  740781  844637  281471  409860  649996  130784  151714  1057978 893441  235394  580822  560073  541006  785826  1022653 339350  841397  30656   750010  185254  615731  621485  998095  500370  887873  412368  774857  43603   445833  681801  708245  90824   430648  158679  500685  249607  289463  917151  476547  87114   321507  1057370 911939  31475   1012158 838803  370826  757765  38421   289798  111981  654152  911283  14286   323485  968118  426654  267304  180684  872488  949105 
1207202    1030730 463080  53778   737037  8527    142297  1134760 22528   599848  1019497 876376  589845  10859   765362  1050132 251083  560915  63506   826541  321762  762164  23796   471518  878577  340627  227123  948547  253921  216161  791379  927472  39689   175967  1109961 776727  184494  45056   704285  335732  644904  645291  4907    156258  656150  770269  1206390 1035943 123983  191404  783992  574455  953569  807788  1045974 753654  69923   194605  623710  323844  410766  207887  172825  450455  383854  75584   148690  697058  120640  981686  1032790
1186125    219207  861166  738747  94830   350162  168178  884413  671899  18001   326753  732518  775386  733400  679601  269521  275687  640184  463703  95180   393247  1032859 377028  499268  533693  882891  206092  262706  743405  909427  125387  1079529 531236  389155  632151  626066  739317  800329  913081  225091  220932  642436  957610  996318  189712  1039813 79715   1054126 1082600 1132145 1149306 289722  978880  340210  788990  915175  625703  397685  1177882 771710  709714  705871  665114  54826   1095026 111140  83494   648219  314072  996576  275912 
1016959    408484  862515  334514  24652   903385  856998  663591  91788   220926  643173  36991   45437   346377  391811  388336  537263  522180  490717  616606  138378  187183  44557   777657  15949   188150  914203  80163   581140  852995  838055  139191  244520  412     807465  602933  903797  647504  249565  312386  868431  209539  683138  230669  555916  57990   619005  409981  913930  426523  9628    369109  613706  54185   463568  963416  576095  360812  26620   140276  196848  181476  613228  441368  181889  403734  27342   402487  368040  610668  714874 
1607176    31724   412573  1375232 1394756 1455595 412252  760204  1161102 1146271 1266823 47122   578893  700174  551396  1117121 779938  1206572 910261  1563854 612309  1486968 898174  1121543 429337  1474163 168279  702489  123657  1478150 182025  733151  1213363 298086  204695  704431  1457169 320435  1464635 1011095 1466707 827770  761706  438424  1527944 1016590 1259033 700706  615987  562118  360873  931784  441910  962535  446151  871247  533010  317919  1277225 656667  188893  1459250 1093306 1105744 1460825 1298002 202999  1310818 1321925 1371122 714738 
1155296    165748  516436  417712  1136165 711954  613089  496295  10853   98280   398968  139366  167206  1010112 773749  1006750 566050  1125164 906847  72374   456330  1034369 175336  173570  445618  1306    468738  36661   806888  762932  341127  272464  1140297 1069179 690177  1121166 625837  359586  673781  636691  457866  1072750 987673  836689  1139182 817742  688143  761552  787611  439694  1045542 88645   530383  65583   473831  32322   66889   942569  68983   873777  761822  621726  202562  746823  535609  1104355 924309  6150    308645  442794  854457 
1112428    874012  814786  693761  578706  530801  224400  973191  718124  734266  957733  699049  141385  699564  240036  552651  279410  250074  35946   923283  242412  799116  206221  703759  190061  774692  481332  450764  954666  160994  932113  498822  1035007 136864  694975  3677    667665  919375  976868  888181  43605   822174  1089622 184990  409310  217230  240034  688720  1082124 275980  499576  826928  1075097 208189  418259  767550  982882  899591  105886  327512  562978  540392  328726  1100377 677256  1023701 1104054 847313  333040  968495  623066 
1395344    1382557 932164  847651  900083  1065034 232417  523408  989331  584038  622452  1040299 734015  467521  926635  402341  426331  667014  113728  1177607 443272  768232  318021  976921  1388352 556470  453904  1108729 160010  775955  1067583 1232575 763168  604403  684883  267907  224861  868068  742083  1214192 7530    1315303 859148  692313  387481  390439  1094655 764580  1008221 1208383 497612  6918    532039  815633  983839  525047  1372104 1388511 189200  87538   769122  1207551 1270882 87714   367378  511189  306390  592239  1379257 1048473 411088 
1958778    479009  1083158 532253  1544130 180601  949344  1563558 236436  493983  1716904 704516  171286  306250  19100   1490869 1320450 1049687 1553191 451946  590636  1170022 1730140 1214412 77234   339171  507174  258586  1953187 1072626 1699802 605983  1551635 161222  1138236 474027  1637641 1424621 78807   1874077 1918604 1795712 619816  131113  143184  1934734 1621982 800674  362683  553436  589660  953319  1060498 1656841 208954  1137733 1333052 53168   1396319 1327461 1125794 474383  1270484 55691   1931423 1745761 529718  1610286 1211604 608526  1525585
1397106    465150  1188177 1228849 1073668 25091   1192562 843534  1066879 1361896 563666  329530  1336544 1379421 1037064 934141  772092  490219  827818  464629  1052937 436921  582070  239803  621084  1317525 216345  1385334 984891  374833  124356  87759   839983  1180807 1316609 384819  1205899 1112065 1228353 743946  945129  394914  941750  752841  245503  449983  289877  1017595 940202  985969  1350499 464307  25785   403737  704110  646869  324156  920456  503372  1177321 1295289 496002  1265080 606441  279703  1184583 991260  1353876 767816  690782  700716 
1930250    1841020 490501  1646959 1228851 273108  1029332 1860607 961152  1058329 235700  192327  1592342 1543707 1702872 560756  1017887 860472  1115002 1049346 1118301 494884  443660  787496  1335153 1762112 1062099 942480  1468466 1334429 1902686 1412816 1245199 462937  83877   543800  736045  1113209 474157  651549  241288  1594459 843877  787983  162268  1501101 1348739 1180155 431323  1418093 299251  503976  867329  1627514 245825  272232  413728  1307924 169064  836546  712103  141501  319112  911654  604438  1287591 409806  294836  470550  1768566 946385 
1513220    908955  435144  1265334 1333464 687807  114325  931271  299832  1234728 1159953 494779  612837  430949  13884   1412091 167839  263610  199056  1040495 428003  1329627 611760  767947  482727  481581  310015  813343  1097684 1351861 1450259 1443585 747597  147715  971231  343373  835523  861088  1274644 1135355 358128  696909  1405666 970965  903390  1419550 645368  1071229 1458692 619956  598505  373475  211895  985797  916954  694623  1467378 1226970 1507966 827374  841143  1220537 533271  75520   1368253 1504502 418893  690556  627902  1469070 312691 
1865954    1399421 537972  1703883 1653746 1390844 1190796 1045465 1067739 444808  1585792 444356  236162  264053  1743829 513155  713534  1314355 181149  1374618 1047612 1777491 1791284 1837349 632750  923354  109418  672464  1533129 36620   806569  768925  1436042 1344541 606855  1453240 1098838 161103  632751  300623  605911  581996  744979  1071479 1075455 622854  1584634 1788989 71255   1765784 1527060 1348274 40773   1681796 1549075 902929  968602  1658493 1575393 635777  58566   516008  1634109 1494608 224002  375010  1081894 1322840 765519  78097   1852869
1125207    1048575 611549  672033  1109803 555738  814705  513733  322825  959042  193962  872293  53292   226138  460933  316491  1119868 136554  382     1582    52542   324915  1088729 8509    262048  561402  682277  1096897 1003630 113307  740597  917513  36676   226939  464339  21272   193985  690352  1071520 516811  524188  676791  263897  1113995 902929  724831  841795  308898  861385  253485  310481  913927  578400  810518  922436  251756  246714  1016021 223446  661652  540636  375351  990473  577312  13599   866120  9892    207584  431266  492721  724395 
1322191    1236330 560959  971221  686902  531957  874021  1229105 827244  381713  200801  39432   445406  101434  1151685 1315186 914983  64967   206879  205136  907942  150598  247187  964904  1054755 783247  713254  560075  1049593 111266  1280215 1015220 25405   518983  664250  466844  805476  1292808 128294  310529  352330  83631   104497  552272  185065  1256182 545267  854585  1075685 506683  1059721 415972  657281  1306908 58685   389845  522500  526476  704456  249902  637742  417016  1019658 417684  690535  116254  639064  173820  86871   767358  484349 
1154583    637240  135042  794601  493169  1033273 486299  660445  534119  1017286 705274  895869  81710   573892  948696  988541  1105166 1028816 197340  643678  983740  102083  940926  12866   1000266 314750  633706  807362  668674  942770  987983  686029  466159  9175    366780  959328  1083180 893811  465191  462717  756514  56614   244735  878956  671238  38848   753646  662554  1067665 950986  151649  937554  1053069 1133307 950420  898753  334207  470275  592264  1002881 299194  466396  534328  765353  475571  941840  610830  444901  681068  1116753 948350 
1924674    296778  256944  815981  693997  457777  1174065 1666874 1630380 1499233 1227022 47848   1592325 1596291 1850050 1415972 1157086 1484921 576903  1730088 229542  1399526 796552  1143006 1547426 931770  397780  1554109 763560  1789949 1684767 1190242 162053  17037   81549   856051  927350  1255614 1050787 1085593 830174  805672  1133441 497825  477289  1511354 441659  1634375 1071601 1018562 1439789 1753680 945950  764204  972012  568702  223836  1822328 650673  987397  1687604 410766  252965  377519  427803  334515  1233570 1807690 1590129 812220  968609 
1429361    102131  1116027 505722  1258356 753484  591980  401255  1123063 775673  1357576 945246  631731  40239   254431  748743  376210  1134867 196368  110024  451908  604068  1290905 484158  621849  327104  1335484 962511  93783   900944  813361  752926  1003075 1345962 675223  832070  670086  1267203 1233325 363788  30090   578114  725608  78395   618354  980039  827138  411138  685545  440080  521162  554027  1044149 382706  1038186 1082572 126385  944309  615722  220168  415892  845657  973094  835541  762258  218956  238250  2983    902734  888149  1212706
1889098    847345  1729155 26421   1356324 41826   1688819 1795083 1180493 574078  1028603 1795002 316099  894808  1355621 1158424 895560  872513  162731  1842645 328940  464953  1572148 905172  1486176 54229   1761308 184916  1853392 1356404 586663  1609205 314651  426721  1635626 202656  889325  1856125 108641  601498  961883  1558023 928180  1277982 563733  394703  547308  1880071 1687994 710039  365298  127836  1595770 469126  1033008 1192849 523355  1325996 1377765 908427  793302  496108  628534  1107954 1343607 795840  1731388 764612  762868  1840029 1366111
1486284    1165074 1169575 166274  1085185 806789  232796  17172   272047  266764  1046332 106386  291418  445369  689612  1062383 114160  236135  805578  549768  1441079 1296305 1113402 1249239 816884  697695  199931  1258963 605999  129825  1449114 1431186 5347    1132405 307908  1090533 452910  540705  1304437 724958  1004201 1061218 1028076 1295619 217035  231404  1068451 527927  467539  584477  1077695 619067  591230  704814  382022  1408115 112957  778686  1180794 718956  908511  1143624 860590  913858  986477  1168499 714839  149836  419652  532993  874794 
1397034    712739  1081548 280698  275924  1154466 1321823 333931  128418  563895  136499  206555  244469  1145627 878123  770936  377028  1241525 720554  984754  607334  1130148 894560  233515  260524  748063  715218  1193588 1211491 599699  465522  513358  1312438 150036  551667  1345972 1062112 476456  40480   1190530 797961  176979  1154695 1042431 1080216 635785  416333  1214854 480276  894498  802574  845221  385222  300100  836346  645746  805774  1309174 442300  377841  511840  907822  891200  184854  815468  1200477 1288437 480547  279899  1328917 31653  
1057037    377627  947184  338361  161774  716607  1043341 140038  568415  197450  976068  313743  898790  617469  344112  947669  106652  703257  291524  123069  777901  792613  854233  524554  797974  1030588 917304  976884  372485  742047  323274  221112  478173  213421  975009  639947  930028  961314  138484  441407  517263  57515   113649  774552  33484   457762  665185  140136  519518  956709  263205  655918  50784   60401   123435  207257  33952   1040740 127104  821974  84249   865915  1043086 977959  22299   319558  560869  310827  639371  699354  110733 
1686737    618490  869436  327051  1605044 880767  121217  520888  471548  1492326 290645  194844  341428  400263  69009   462786  286748  710153  883283  546855  911451  1233689 766417  188014  1059892 1255612 77956   116449  368795  1142603 1491712 1541810 1493646 674411  182124  1411954 1287732 35894   1665395 72543   1528220 1856    1686678 1602202 402119  68950   110804  421421  511656  994087  968276  1423107 273593  1467246 1611122 1333485 1036121 2341    1449934 1137469 877497  1254909 992543  684406  1661873 907220  142176  1262868 943115  1540124 1067965
1619514    733628  944107  443263  245366  177575  3959    244404  181698  1141218 438819  345495  1023238 66396   731239  197748  1165583 1386206 133808  260037  84879   1127432 312903  1219684 684425  73175   1334172 247115  1439559 374163  1143662 1275278 1099707 460171  99028   1345073 637746  94903   1581394 811360  1236121 400699  1156855 639845  459011  260497  829509  5080    27189   955233  257034  112069  455067  561853  1323669 1139493 626944  1038327 1378524 446989  1404406 902672  102754  884599  1362843 193698  610159  372991  288601  572039  1184351
1306969    204784  837872  1099653 721817  1156391 555266  1279717 348152  211750  773593  108526  823758  1225156 935445  322535  914877  391489  432520  498248  8070    349810  619463  562998  56455   478592  1153599 445852  1240378 864897  58572   837665  936100  762863  630349  217368  478705  1185615 190116  826857  1263785 963709  801802  780574  748315  430278  969528  222642  688186  95079   720891  562675  311308  1206773 1125674 367763  378397  838723  680034  178225  263071  738606  1015890 1199171 194500  339270  109570  539624  84336   166105  1232900
1873384    60417   1519223 251131  233793  1786006 899702  1356304 130542  1655491 1355437 1640790 1616668 1515524 216433  229596  26362   950484  1354056 424103  704849  700929  1504640 1291280 991103  232927  1754954 1044897 603013  469125  1663678 1385459 1817343 723934  1636590 1465552 50972   77324   948472  181514  1732815 1718326 1822305 1476099 1360466 1453154 1120111 1386828 1818054 15199   1225347 649519  716128  856603  1355216 1121648 503946  1236786 1580961 521376  1120327 1371255 33451   478702  1509605 1670042 70870   1560578 1161782 433759  1742092
1101924    886829  181957  337017  544439  922516  356741  312407  421162  46004   224454  26490   920841  489813  411822  495673  490907  1033592 763834  468679  301543  809109  842783  272866  401815  795885  25224   681289  352891  499735  372581  31777   284640  554539  368795  995307  541359  891764  372018  26825   2072    596472  53315   1089141 1086285 631365  482890  475269  729261  144800  8252    1030805 18214   851035  367975  420029  711224  393199  165622  1064116 1059163 538203  160197  408107  1092742 695220  301491  698405  651288  839737  725231 
1608846    955154  1194230 689776  887085  1495990 997737  78034   1428217 822171  155887  1178398 767701  891048  1389305 247108  225021  1480001 256280  1063625 261402  1116006 964434  4289    1280444 576823  277986  874460  221585  898374  997223  1407734 244682  582607  814427  1457529 469751  203318  1535564 614885  1025489 408367  184437  510107  1299415 290659  757215  241352  487576  1339258 21893   1074740 846418  986328  1404791 843778  280067  73932   435154  501652  972306  1432377 626303  1542750 731901  1440730 108349  1527414 35202   35067   533453 
1717034    1332398 289057  1451032 1076900 668362  1352230 1017590 300362  1531450 371698  229038  520210  610638  981097  1093798 1378911 560813  464209  783187  1670453 1151280 250532  1190381 1107845 1586236 1441633 1607754 1371546 167190  395341  1653416 308441  1210284 1387414 194193  161612  1548496 20635   987860  1362912 392333  25750   691974  1002971 1006848 68739   1190734 1567661 532948  256888  1521081 493080  1033306 994428  1600926 902509  719027  1491646 1082907 1412104 695839  1019289 529397  714976  689670  723590  1402474 521132  744225  1199187
1927420    1775615 1415193 432691  1722430 20169   1867672 1699007 984701  1709864 1917723 1334368 1322437 1688713 662008  305187  1499824 1228002 1915367 1464998 605326  1039546 211489  112117  1021922 1595983 1637387 402245  1011902 768900  155966  1473491 617095  1233391 1568414 74338   1253561 1508667 1773345 1900494 953343  1763648 969674  348360  1187173 1631682 653547  759578  932264  303726  1886808 1199822 1005505 170877  1311939 100007  1766861 684138  164484  513575  1453039 1910102 1649298 1732366 1216074 1290292 1806704 204447  871539  1314861 177521 
1179002    190171  872523  364117  198343  304403  197811  547311  1070126 38501   835203  1075150 287690  1175876 1175636 726430  296619  174132  613470  694230  680137  441205  693110  307872  67667   416497  10868   9478    358646  58090   1048649 1051891 248261  742170  237007  1104600 525567  1092814 472909  416691  1131315 129110  970836  898000  783981  446464  1103424 1080600 620596  537892  74823   779728  979097  767933  1087600 1046764 5428    1098468 535236  1022071 635552  1062879 894960  883814  626047  610961  809412  630609  3767    761316  1047300
1701449    877181  1492868 728636  1686631 911664  1583571 1049998 1032003 20892   1286899 356270  327650  736720  891692  325219  22112   1526855 1599160 1690734 480686  1248533 888187  1580718 361380  1673412 142985  34246   166518  1694964 680663  358505  615687  217073  1087141 600869  873727  714253  1395857 204281  735146  981307  560551  807786  16579   1452243 1133005 1485130 1022640 1030716 1474415 1503326 322791  406143  1382595 684171  378106  1270570 463407  289615  1009076 889060  648120  1624763 1106133 1480252 269173  278412  238046  1665031 482693 
1048029    345379  297568  615122  575156  400469  800653  994635  921383  55626   166011  919531  820714  376928  694314  780282  738102  162541  623446  184938  668165  470346  1020687 391061  226106  976059  920430  786478  787363  269978  463022  637892  615358  760590  204985  70258   40803   933411  16865   962187  989038  110649  761462  689496  487577  407748  421750  105424  570289  972969  218135  118198  395286  190793  437032  549166  118823  237206  215388  833960  507185  678410  423823  74514   318744  556581  72545   359548  369737  89410   201479 
1270298    771562  225691  261169  803038  26799   640858  534738  427898  597623  318983  844483  329622  403863  952504  904021  1107985 972746  430890  115063  50719   329950  1025895 365608  67785   31439   446109  1092356 949307  1023855 498     1103294 525119  226189  684436  648129  843259  54996   502840  591129  1242889 821823  165315  302214  545658  437791  1206235 973615  730509  366827  1088678 781228  16750   164247  1146836 674805  195687  912918  496863  464966  666475  497361  297963  511566  43522   982399  479667  886781  357367  982507  207613 
1048590    149150  264030  958877  650487  1031757 117280  413754  167361  300702  18219   26621   354684  1045208 695976  1044047 117451  16150   1009476 610766  288881  247563  993493  670269  405311  317502  778888  900489  617059  531864  686290  195714  681014  950320  106001  282911  962159  251954  725338  80930   581328  743557  107552  936012  768847  832200  960141  914971  848350  921027  505819  88641   120000  450722  787582  553983  768224  517880  434554  336693  1154    72254   561080  710841  2656    695753  993752  964816  947707  699172  25828  
1290253    1059204 841557  1164120 363072  490348  586207  126937  975751  714924  163308  705034  625002  960550  485536  413007  44530   107852  469092  707508  515804  764939  298305  690438  471064  282605  982641  119254  95810   56588   996766  672249  613137  45414   546116  473553  535763  629668  97834   1008858 841936  261142  1211237 176686  1221692 406520  87037   763566  514372  556129  968418  527521  30815   1266724 715303  1289477 259076  1195288 118478  1142483 1251877 612588  21823   72105   658003  567940  545658  691110  694952  643492  1197312
1164342    1020480 221498  413251  544377  603566  911842  825723  657483  1089893 1583    522621  508555  1058340 663615  1031508 312801  44916   879068  914796  69814   17218   497939  527340  1081068 712243  333595  67342   35564   52165   863467  248374  635645  647965  661625  15680   87189   1136468 404403  744673  625019  405987  830294  1133574 1027327 1056909 563741  903129  1101826 1005809 216583  7298    1023027 714522  97639   939754  989766  431234  1007096 588330  483400  269221  399704  1119045 917187  1061330 697726  567376  1033456 1102129 875049 
1481335    784759  937939  538896  453417  441604  579953  1144389 1366927 964224  891646  374786  36954   602194  1014987 740502  879361  1392742 889612  1383940 675787  1171282 326721  254158  1437864 646022  92450   335438  809528  566938  711974  964067  1351698 168578  21629   775882  610182  601582  891038  947877  536574  301349  1322663 1025630 903543  1308417 284797  753672  1219824 1174409 1108379 866379  864356  1435100 1120537 1272987 1051890 183754  127091  380083  1202794 839065  1344151 43924   1459745 336547  819806  1040694 938129  681611  507236 
1432274    1296047 650122  1327188 929950  916928  869438  211503  1376732 777478  925659  1032235 91940   8614    590301  242759  641037  970100  576846  1375390 1046027 549799  430859  325522  493062  355908  1254003 401992  1369589 1172721 30540   1077609 1036494 680662  467601  29248   1092669 1337040 1168103 1037127 177322  661488  132166  1196614 670103  217545  7099    806218  1187645 79023   244412  801398  628822  170349  1126920 616962  526257  443728  1018955 1390925 184175  1049495 531338  715747  297883  998939  744996  885630  398783  480825  1417835
1087509    433225  784222  793251  658376  1051895 419872  674877  273902  566650  471058  984122  1065300 472757  44189   594754  45152   319267  913628  964935  256806  864673  825468  338809  796299  1013394 700756  620611  139865  559805  102474  12413   993030  886697  64782   910524  110201  831282  497893  730731  310423  228069  627344  288214  1047453 1018160 882968  5096    249919  1055714 229149  853352  832878  1054617 451279  541669  239621  64526   74771   379486  970959  523872  738526  876480  669687  803309  1046123 39007   547082  456507  769738 
1582059    511603  1366531 307856  1029436 1371255 968829  823271  998741  1071227 184988  1441509 1518699 195268  361543  548321  822438  1203908 1416802 670385  1254116 863899  848389  637512  642054  1403703 162410  63052   351777  346821  251279  509194  858424  988225  187466  305802  147836  1156295 499488  516993  15878   684476  1328917 904992  879744  1060875 1453313 1072597 682724  1288056 160923  1307255 1522371 1009313 1315183 582366  201372  848008  645418  1505624 565245  267112  1385233 794084  625752  943114  470301  773588  517350  969789  1290581
1164171    175275  1063120 594739  709153  32270   286246  405207  57356   1108549 1082514 565130  906986  659853  571981  1104765 745880  710055  105836  410786  71646   1151008 22020   563103  785479  365975  283311  527542  256026  286118  921583  1109944 461393  820533  540513  6375    100479  74435   823429  157835  430660  741773  1134812 173476  649302  542622  114070  642858  500354  631754  1053644 572000  618591  323341  382779  239900  689316  1077938 15118   193018  199885  184377  550639  1073125 252586  338828  327176  353065  413263  1150606 510901 
1750311    171559  1300377 1716891 333842  1110419 155445  121731  667837  1440503 1740234 2206    1664045 1071985 1015022 604967  1556110 1250378 1150521 307714  1409239 1392416 1625183 930020  1244136 653878  1746782 930726  712637  1334643 1615267 372646  1506202 1313282 487176  237683  673390  790570  359414  1489176 628711  349337  1491383 542445  1569272 904043  1295362 1523020 404110  843521  80423   63038   485626  1705606 1141007 127401  757122  1137478 1058127 1469759 721811  923083  240044  625651  634003  875169  863334  1307394 1665739 1370697 1046259
1822464    1202956 867933  315768  1245585 1055252 1127756 1342436 1511058 735650  392261  1097931 1755253 511741  821726  500317  1776993 1203455 771970  1578791 1353433 1314486 337334  1721781 163304  424281  438002  1031811 1515784 161850  188844  287407  1364806 435722  1804584 166871  1490974 1109876 888252  558513  23062   1280513 1656444 1778316 1171198 34651   1657577 1125727 1238106 607084  260999  148019  99106   1799741 1248744 1463818 401559  1686746 673165  1296287 1227541 240954  962639  769883  676676  944759  315699  345186  1433579 1203951 903699 
1378997    1287271 700460  1363524 676528  241078  1125857 709416  811730  1257217 427786  1121876 127704  1085863 366206  389056  373847  490036  865640  595604  198895  912438  225644  590702  611319  974277  898784  1063933 537024  248470  1288201 692266  1150422 224345  291474  447954  465423  1032013 772051  891834  910233  1199837 634713  652618  521384  615600  656356  895232  1105636 142999  1105517 919212  1055437 945842  130918  1281437 541122  1029702 966373  1078146 892854  490258  391416  664279  329284  682890  1112233 794707  1329584 505287  307544 
1559712    1397951 1480297 1456271 1052801 787220  55307   1242924 325113  865701  338720  604911  98295   359500  953584  734853  561543  1261455 1082130 399932  1306364 304816  1067630 1233959 25233   1337387 133405  567902  1427049 217198  737566  1543853 295213  658151  1440413 1348014 1445371 175784  1031226 450549  1041486 50010   1295236 1139781 409510  689108  554699  971053  390851  77117   51050   137504  621709  1358456 1371463 646942  1136131 184932  1214845 1243245 641906  632475  1227386 937120  1290626 1347863 965198  1416062 1523648 676489  546675 
1248794    915039  1031111 645039  625900  246073  568208  917801  871562  332899  203615  298648  387591  506390  524323  568447  271349  1058118 382928  853322  731966  948817  731565  675434  456454  417826  757591  499820  945748  525412  287905  1051788 191657  70222   448034  10795   316295  209480  928597  381095  984412  325450  1121776 123209  831840  397305  691656  296428  206629  1074585 1149750 131834  774608  632521  807268  1231062 243586  758097  924120  1189334 34715   1212025 185567  668405  475485  1075633 679200  1233812 478351  801035  808146 
1858939    1694972 992281  648331  437450  858694  232040  533473  481292  346579  1401892 258720  936131  298580  1240720 636271  1577480 71310   1688162 1316022 1229162 1152794 1301184 1610933 560396  1525485 743145  1462048 133336  826118  1179269 1173922 662151  1762447 1413150 690499  762202  1645190 814869  834391  132830  357822  1093111 659859  656403  65790   1296130 1824780 1586936 716250  872760  957159  10105   315005  709154  161399  1431387 1043196 1623447 1564724 10375   534674  470604  263424  438182  24815   953923  791281  1260903 1768792 1625673
1986526    1896062 320553  1199056 1196068 1399233 1709207 724902  1967394 255178  1741804 877958  749289  1941873 705973  361347  1640608 1361824 410854  1778135 795276  1283472 1954572 1149896 675917  1607295 1058082 521145  234630  833163  1650422 1217279 742699  1970975 380767  1889725 1334641 103449  628101  1315509 309585  383379  206941  1009832 289685  863872  1371180 1881251 239170  1732992 1623818 985405  980897  1591864 148775  1607772 1212633 1206858 142391  1398222 53495   1792813 628975  747152  1728221 1009742 650351  1076336 1064149 1278452 356277 
1640193    1493522 325329  137259  1461041 1201408 1198233 453006  231242  1146552 782964  582646  192639  662072  1122521 1388066 435320  497602  798035  891672  1333297 33998   577086  1217046 584644  1205751 17110   1221237 196514  1031416 838789  527621  884745  693107  193869  705593  254323  1392102 687588  14554   427450  1470552 597200  149079  21420   1248710 1537145 456740  106120  694987  877402  968406  257974  1454488 545260  842618  549035  562370  1592844 745550  1593786 320430  802160  367327  542526  996029  601909  325838  276927  1289497 340392 
