        6   4   6   0   5   0   3   4   8   5
 8  R   4   3   1   0   0   0   0   2   3   5
14  R   1   1   0   0   3   0   2   0  -3  -4
25  R   0  -3   5   0   1   0   1  -1   5   0
35  R   0  -1   0   0   1   0  -1   0  -2   0
24  R   1   3  -2   0  -3   0   1   2  -1   2
20  R  -4   1  -3   0  -1   0   0   0   0   2
36  R   0  -1  -1   0   1   0   0   0   2  -3
25  R  -2   1   5   0   2   0  -2  -3   0   0
17  R   6  -1   1   0   0   0   0   2   4   2
28  R  -6   0  -6   0  -2   0   1   0  -3   1
15  Q
