128 64
1880445    702934  462226  975025  585933  1022283 1042377 1008268 284446  163987  225237  212353  456199  202947  1662271 570627  449785  108685  76101   551298  296436  1251535 743811  142034  1744814 1819436 1006644 920488  1346177 1777568 1352989 112227  584600  1799757 1087252 1170533 926138  249184  282899  1195126 397713  508136  1407479 853912  695625  1189306 1409081 1145410 1297991 1469724 1681251 1594427 840814  544617  1721003 689726  468150  847203  1610214 1798869 728868  1082759 30651   1298010 986613 
1600732    594901  904835  581825  1384677 679319  279069  171343  957962  1366765 1304692 1048903 458823  1011082 113074  820825  158312  218669  1593451 809173  538371  89811   994873  827294  586829  974239  1345966 291510  1514504 299220  386436  644127  894121  389235  323916  1376762 1068554 1301681 1548105 1124481 1067714 350029  572652  624501  1361111 685726  1445327 617388  904396  1438046 1426561 1442767 625821  820703  669329  1212650 892906  1113259 602125  806679  510443  988561  548770  1404564 1377796
1514837    371303  725408  1091544 570780  936740  1334771 320390  800152  476131  583904  1480721 690421  742887  193810  1218084 1281340 1163593 969530  169267  470138  1278225 509527  789531  725592  381400  1356094 294827  1448306 312089  43384   419067  1238611 768792  550993  294554  745913  370927  1170163 586447  1402276 239230  552331  1133079 982117  746141  836326  1303838 950115  291020  513487  1420253 609626  1023014 1250165 1335218 444795  1091422 670426  933482  1403512 713810  1352550 1127286 522984 
1075836    296566  4317    854767  402047  715092  713446  844348  920354  391817  623861  68223   837742  734620  622670  700481  290711  1036740 949661  836657  798389  143927  874225  892935  297776  311701  165236  860316  492037  482138  218575  738997  663713  222893  517928  1065760 822993  40547   719281  667512  432364  267306  620743  79278   886934  167578  779759  101809  128482  538592  823474  926871  682519  506871  628979  865303  703581  794215  534792  119782  85526   753367  858780  749239  861268 
1045589    466060  193660  64089   917904  157780  584270  632403  929758  198740  314243  108757  429827  602880  797483  56874   814446  709571  913908  540333  567788  177422  523560  1041600 150577  105635  729780  962394  301585  439518  947801  501961  16147   252030  566050  934052  409810  104731  677024  450138  459630  991267  715053  889457  704716  466947  56900   473574  130930  970808  124476  854876  258800  648036  850887  565535  909829  535078  482340  321984  974596  540711  823945  990744  792741 
1124889    991710  1123892 73925   611538  449450  439772  307937  221862  997671  269679  979920  443694  966898  1008358 81423   698184  327259  1077755 967719  720118  791762  300485  579833  55556   325916  1120152 1033958 180718  331497  608027  328725  198318  607030  332103  739309  985933  771875  976699  82907   574110  50942   992280  1017804 947293  805202  1028680 520588  7572    910999  292871  657143  577873  593357  41541   633429  848726  36804   542498  1029445 368301  1079978 162734  496072  491573 
1109614    455406  960451  397591  415537  950967  137325  125048  1473    626332  521621  706319  1097515 196991  677140  884733  1047439 863053  907324  98388   351658  127035  955080  543428  316359  250931  242953  661001  526339  134594  725982  579388  209442  196261  596421  244422  37615   733746  1098526 768144  250464  510533  364850  238365  707524  1041990 742541  645350  414871  540251  363180  766530  286729  208646  200344  603088  79019   62740   154475  605358  926390  499899  804188  26219   696161 
1983493    385467  1244416 73143   438802  564960  388755  1954741 1828327 1162907 1105820 191470  815110  972841  1175319 462825  404208  844086  589369  1549200 1094833 636055  330698  206081  1528863 885442  4306    648266  992425  333258  255940  169063  718725  1500356 242206  1796798 721095  1270232 1768046 1205200 449647  1529644 1396671 1904028 1158263 1227768 383360  1562472 88361   972729  1767450 1183194 264563  114655  1389276 1793426 1000097 49360   1097470 648301  1021889 1353411 817364  396392  1509545
1670593    1362988 643137  1129019 1327761 787408  586484  272034  316258  1242804 826321  371624  414931  1553212 830567  1634833 159388  1636313 1229077 1333795 292887  1043210 1510864 603762  218762  382479  18427   1195033 345720  924076  1462249 544302  616471  434794  2728    273640  450559  589212  1444624 766817  1060373 600352  1138441 1475304 482972  298415  1439545 1541310 1163085 226386  1204512 1455973 1269597 273141  1288092 716716  655620  534877  241156  1001341 1458953 931762  1545643 404832  594913 
1320698    993864  661891  1084643 1063250 1138080 620418  1174618 820780  475993  392359  169492  785473  722979  174248  911060  130382  318173  1265198 187173  565230  655114  864834  817325  858661  533708  88002   679974  482219  789428  680500  246612  433894  21694   1302555 176446  1131074 573575  1666    602457  1049568 394026  771949  485643  1088305 917497  76006   1189987 1206970 1312504 27763   451503  646921  892597  1240128 156184  105607  7432    836158  587826  768160  195961  805738  1173354 188955 
1800856    379324  704665  1003708 1092701 718160  1290111 577003  123848  336334  625268  1255981 816990  377321  217152  1085239 1741592 387755  446676  374255  1210965 398090  177450  539172  1488989 1410964 168596  663882  1541260 1465321 399029  603265  981349  240398  743678  273194  958559  232933  850197  1082407 569267  612169  1475092 1386258 989491  828948  1608201 66931   1216703 1191581 441187  1564373 1589671 1556197 302689  1277804 1166306 1408845 1078390 43414   210014  614123  1584240 1191364 854522 
1884737    1407677 337908  334551  1257843 769307  1213711 1569817 350689  404919  1559276 679510  1427322 826753  418750  792192  1231967 371858  655916  1769237 1588265 331008  1702539 398169  1559635 1401457 563657  889688  742963  1438168 560903  372321  192904  130606  1823404 1450747 131708  384173  367622  482398  789093  42162   393703  331678  100710  44248   1123871 1332677 1532639 1779787 448972  467962  226058  266775  866131  1017488 900027  661584  1138972 1642990 1331547 1699875 130574  1524451 1062277
1927142    1646586 817544  892732  1147825 1855434 59683   106030  384583  448746  328407  1077643 648505  517415  773154  1325418 832991  619387  1461751 1840834 1871391 694292  1888190 554919  1442477 589279  1385771 969578  1451779 498975  1537341 1826309 1498101 1707426 144440  718784  1635718 204123  177354  1372842 5409    505761  523343  653914  375716  1296497 52190   1208708 1268424 1513942 474940  1212673 1560774 435989  1120132 428649  377808  578762  750767  1182128 430277  1640649 1081295 1236    1420933
1902497    1616017 612449  847155  1808352 1093239 502702  1210406 1035251 1004400 1803095 599423  1468380 938795  941487  1201192 546329  163717  1542354 1892325 699691  1705710 239579  1143221 945473  726815  509901  629503  1069731 316951  384725  747809  465936  997174  1594964 371792  623382  630635  115166  1658633 1635035 451229  355560  1636383 1390025 1732512 1370544 469322  429197  1010401 459150  1128888 1249080 698729  369612  292056  1861010 1314978 921559  1028244 1631930 1741749 1776053 630834  1271891
1373793    314300  804978  187769  1151381 167004  880289  280906  366520  811590  1048988 363406  367564  1069159 180768  837919  380631  682309  110980  981325  911390  84308   944025  79292   1312144 925688  1080905 1172940 493687  833763  575830  38260   1148064 7016    1354633 680463  1302624 861129  716180  50162   298926  391375  168379  421302  1215345 349147  1014032 1350787 786267  1125012 958320  78676   1209320 528552  157968  1147671 80448   1238873 946818  574135  698843  1277459 367206  473114  1039286
1485534    1349752 333020  1173121 810705  614101  831434  758874  1236269 1253348 1136115 202955  1110856 404247  1365480 1245770 48975   1247362 156916  105711  788260  1156265 786511  779343  319596  1021046 540853  271038  1079717 439768  344381  587211  303986  1275918 873314  1114692 1003001 817731  388032  1352253 585545  637129  69674   809384  1041376 548136  569620  1090351 309965  1325053 309045  1098225 108766  1095556 990551  428363  1229585 45870   1297917 823768  485638  755280  523962  789625  545664 
1810069    1517907 1017638 1061184 1481558 1738658 668605  46032   1268866 390920  233768  1432815 1220903 931193  1092749 1756862 511757  1789611 1447389 438537  397551  1242597 1672341 1596642 795937  375783  461902  1330446 701030  826185  1483185 1117584 1602278 690754  368699  1273767 1687598 295490  577986  1146395 686410  69940   769141  97245   1001133 1120077 1112293 771077  1099619 749613  1209614 755356  1250396 330072  541929  236264  705855  1003831 824897  665072  1088203 498013  1782656 138598  446953 
1813617    1590944 1439732 914417  993671  1418835 944447  190803  1399449 112116  243749  42433   587858  653519  1066673 163083  1334199 4864    902568  1283764 11045   1011693 360217  670439  873622  1728971 716119  1649557 1452916 531849  1414423 373849  148056  879418  1288266 980607  484636  257977  1171410 1722966 208973  1254040 1604279 796831  93942   857336  798795  1267022 862200  1701363 576049  873246  738319  936266  1543685 1611942 851620  285067  1286762 329799  816916  726449  703649  803853  1605867
1197541    254649  11932   884302  676554  571965  1105214 663830  272638  571075  146709  326998  393839  1162624 905388  212359  548055  143090  616507  65269   939175  1042845 645016  1099642 605974  497180  218710  742132  1088167 1105626 125971  143157  1067641 137903  734824  254019  417233  349862  917849  397236  920938  771923  724235  117236  737007  139447  36961   87521   1187443 360833  1057696 929077  206137  505171  538543  519476  709717  757253  64068   600343  372704  190039  450865  1147710 35307  
1821421    816567  1420381 132420  1589724 1543377 795369  996804  1652411 348839  607884  1657595 512240  669295  67563   583403  1435429 958886  964163  1595710 518230  369213  1046166 606135  1383656 146583  1041523 985425  520298  1461129 308058  457977  456275  1700150 590398  196289  1422107 1385767 1193093 1224808 1706317 1772689 1032694 368847  592274  1100257 923961  177993  209434  66703   1773704 699375  435917  970160  1305510 1791284 1088454 525612  955289  1580464 137031  1235058 217020  565017  1113788
1885699    756553  937174  1249065 614161  1228737 1829936 399929  740396  957131  100966  53956   1816814 1309940 1102169 728413  1447139 195860  1519177 1680053 1299353 935340  414391  489479  166943  1440522 1237204 1446542 1024683 284351  376777  1654253 1040905 1641464 1345132 96880   1312015 1289369 496809  166713  360801  925288  220669  291917  349529  1650351 1347843 238482  288025  981321  32837   29192   358475  447228  518672  525419  329564  1755876 413775  1681760 482041  790552  1450314 1522946 873830 
1383664    1017202 506063  1290794 17180   952281  1098824 1272134 312866  714722  1301272 271395  506569  669552  999025  481899  370803  636352  962278  374354  1275544 1057674 27899   41869   626364  643965  156050  1169306 647916  549488  816536  502588  145907  1285479 372598  125967  854097  87759   14437   1129843 802481  1278590 17575   1271931 564478  1016600 370166  898161  232168  1332444 1272515 124049  969334  1300414 165918  212034  560715  284848  1344220 1171511 797217  777092  253316  906004  641788 
1167632    720563  795005  22105   1033161 355648  414939  607591  439511  657110  1064645 435439  856348  474502  574840  963961  258489  590233  255439  72055   1127175 1053250 113186  1066328 110     998314  785897  709587  705614  870317  1057183 156040  214848  476156  1137378 80377   623404  176285  479568  854516  833395  376581  122323  313711  642683  488763  110040  692772  1078996 157080  556427  1038540 42698   669614  728836  1002040 291896  138701  543995  789110  800618  225146  736750  1015466 492902 
1713487    1616698 1177712 78756   1482323 1108030 1231288 1681957 1226217 529096  1304716 261979  1330049 193679  1708615 157169  977872  1554522 837312  415464  468845  1601000 1660244 949034  377705  89205   558402  1376254 464664  1562002 1480329 831884  980776  460117  910641  265175  1083710 428442  1462695 112004  473101  1053925 373983  1318714 763167  1598161 991446  27552   954760  1344322 443017  1423605 1231835 1618824 659153  1125103 1223593 733118  787870  1688257 97196   70276   322217  593535  45956  
1530285    814525  234140  1079958 1082390 1337306 637871  1068391 1119285 1039931 1238732 249541  1438391 416249  525357  971981  127441  1346315 610489  1012974 1100924 97418   716926  130877  776595  1489834 186481  977353  356436  1049336 570465  599776  333576  310812  149449  922174  1154325 787321  460280  249532  1333459 1205220 499074  1241565 1127676 530638  189468  1255117 1383160 799957  737806  953799  403583  960940  590884  686385  920489  777365  133453  783132  1332908 703918  1382909 136200  520938 
1951560    683666  1364118 608628  1046123 847016  700583  875828  733212  994335  1805976 834077  1014064 466438  404098  625053  1858177 100454  610803  1585052 1053505 987558  1236203 1142077 1147786 753996  239101  68782   1267992 122663  1710625 1299224 806329  355535  1907853 1852452 1202551 656876  9073    1168115 1651211 1815049 50633   1897627 1513840 1638643 1755033 1420457 971449  414276  286301  73395   1401835 1522504 447824  1781973 1508852 686925  1850755 57636   809588  842172  1356861 848269  1197708
1016251    730323  534296  626649  199097  782767  244236  752455  526040  160834  287131  120615  943628  526652  659750  348178  972597  937175  281491  811915  152779  741163  888240  280009  720178  963220  548738  301221  609107  281723  463465  363845  866761  852476  990494  920573  618992  218479  656778  999747  234028  798624  975077  161405  163741  473292  364299  120087  248931  645790  786717  401710  370702  658707  536435  945596  460391  939888  230566  924213  60075   548746  271807  926837  239686 
1687291    1559782 970743  1265297 753299  1276236 684225  1035773 609060  1212664 41810   529551  1513038 678771  688902  1144129 672378  650933  901770  65309   530988  742425  478382  1633262 1271545 1110808 1471748 35923   152105  223573  503472  288136  533860  224719  303937  37663   251459  988162  1073436 860519  513536  1553041 140574  339283  544522  829477  233916  1654695 1480410 1573482 470508  324107  628616  948890  270078  650666  372407  492330  1124384 962307  1153699 1627856 947     438063  603079 
1372503    848554  29670   1212471 1327336 1076700 1081408 209897  1217275 1331336 562638  433890  683124  1180102 1262971 113179  18044   1042173 944012  636440  215711  558130  201147  1172370 585878  731217  813584  385192  960329  294309  711137  581693  253908  1224354 905208  208741  39595   1097660 902185  1256870 1056493 92321   801804  850661  383467  692272  74884   401512  845489  1018897 148996  1061200 688071  350144  1344615 384993  192405  785696  1253733 1152735 191050  592367  845472  444958  927765 
1257140    1124671 451440  511133  425905  1091159 332581  975789  151406  153588  1007575 720371  977563  1255739 451771  857776  1053127 238386  319563  534928  284783  146743  127628  1001806 956322  381091  799281  659733  245209  369488  695449  960715  237019  858362  1183320 374397  692381  258761  93046   555259  123821  812093  18490   1101385 810692  470262  702021  606680  708648  733056  1141608 993431  591272  980708  449569  290454  1073271 960323  661660  61340   72671   99969   733527  21163   669803 
1487513    1062827 971329  945766  159089  190157  679287  2542    876995  2762    732599  1322062 602166  1348913 1285465 1059569 458125  467500  1009002 79075   400855  836551  202186  694699  1248015 687283  767896  497726  1156952 824676  137815  617645  885114  1109144 75898   1044204 296912  1240310 1046746 1173908 1243072 291832  6068    842849  638357  1291534 414906  94093   756645  421519  173168  155111  1258070 860478  1334934 1018572 545373  615318  513910  699936  437605  651725  1317581 1322720 758480 
1917395    823243  664797  651323  434816  161334  1424332 1464850 417609  911185  1559741 1431840 835922  860452  860573  593630  72401   1362271 530809  170483  390141  1653770 1566685 634938  1359299 1644936 1126797 600773  970794  509811  1614277 1711374 1333054 361679  444054  1766622 523013  1867138 1314078 939374  859680  955176  452572  1695602 1815629 1313145 370590  1886782 758021  900151  139870  1146914 636526  1705308 1780604 77183   1431601 990007  677956  483752  1498570 374838  276483  914230  735269 
1267232    931609  227631  184965  48518   1161644 540632  1182939 561379  432080  988246  447993  737107  1143048 139587  1021805 970050  969336  858529  287228  1262767 342077  101522  234849  18179   916839  787468  562785  11783   37522   1239654 555942  969131  200053  740907  225010  94465   488900  140717  655844  920980  336323  311197  865447  686731  450785  620020  864141  627481  685909  1151370 623016  1027987 1252892 65226   253526  109859  852694  23671   121642  890216  1263325 677585  1066707 196147 
1192738    193757  593860  240112  291778  921543  38946   1001243 635792  943697  755682  1018189 557603  927694  849426  411569  565670  222993  24008   1114594 1100981 915454  280485  599277  713141  682428  1101849 557745  134587  348174  93292   484415  541932  687152  724528  278462  1053447 208226  86968   496502  596676  287402  959443  599031  22358   616132  455352  32780   283877  479360  1147374 192120  839566  872612  236149  997460  362302  145260  362467  496889  493434  455759  426056  480118  587663 
1058016    444051  273991  4173    520341  237089  1042509 347895  894450  588636  242472  19732   397393  559088  25199   863933  77293   432653  18648   1030401 693988  182648  683287  480028  395803  585408  772009  713044  21496   797391  224503  665121  183426  498494  958126  703767  1024415 173435  282479  860850  762071  524951  111398  101448  314855  425430  196198  680980  858083  214846  653365  782888  686326  567468  493732  312945  94860   207725  1025989 405189  1005117 481308  12294   419359  210619 
1692635    88327   333310  1312953 746970  1422953 1507115 468429  564012  1443503 22260   580340  1470411 122943  784208  38783   1104822 1441644 724573  1255565 1638802 1119476 51988   788855  304923  1655357 1440561 1087988 666279  1096111 522408  1154024 1654605 855719  774342  708940  1056204 1058990 1177369 1620216 1280025 1669796 978088  1057801 570271  539829  1566751 1675094 288838  598689  1238024 235005  495697  67544   1494028 800620  500434  19486   666140  1166713 1115597 1188549 628103  1547734 821800 
1941981    1442593 1318838 214391  775188  360832  779007  360565  1138125 1631882 1534422 507620  606501  1934941 999240  1428129 1697700 1038339 1792525 1301953 552841  1208865 353529  209041  980398  1488946 1114143 722860  765398  1400559 213847  1655869 1248509 1880023 275617  81717   298874  1401963 789620  1784338 1091864 382061  697315  103723  722360  1696555 1879190 825417  1140252 135092  185389  98450   1343957 886256  307491  729712  780560  1768973 1452572 1893296 1227551 1666419 12541   534079  9819   
1871542    1416939 1839577 847434  1634950 304325  1388843 1225789 941879  1424707 411748  288596  487198  313161  798137  1779625 1468503 72674   1648463 112908  1631673 145482  613432  785446  20465   1854004 567529  273248  881059  1467721 423945  1322493 1013118 391980  298385  1823095 696306  862255  1177342 813211  415420  764116  1101807 77644   1077277 28403   1857269 1720806 1147645 809217  1008741 907776  129725  1622173 1693223 150190  779661  1435778 423438  1660721 206983  847383  286698  1220102 1239364
1234210    516977  823162  601049  708409  471533  314463  802339  221892  1130058 682076  720575  209903  1113205 410996  520110  907600  507515  597997  887239  153818  533808  834173  778910  733506  316526  156224  70530   541454  16244   253580  907648  533221  1118494 274487  49172   355817  630703  851511  619461  526551  341129  105827  736454  220124  558575  22355   1169476 1066090 662104  864258  27450   3454    505973  806361  736961  822499  962585  849243  129743  1020581 1144575 1037392 319592  1028859
1834845    356019  1416141 229324  167897  1173527 1195970 7211    629366  35860   1650488 637757  696442  1042301 510784  41438   264211  1555820 1688338 95954   677211  1474691 565908  1770573 1146414 1226852 1212114 1320299 1197306 1679388 97968   1154107 1320409 799111  1383432 1488306 137793  29559   780519  52162   1185266 596162  689919  46863   923466  1200703 88302   1187677 206680  1061642 1283632 168893  701488  14695   1224468 13057   1241547 601737  618358  604008  1566127 716326  1043118 1051691 800439 
1366588    1346681 427426  474227  165685  1087300 522004  789725  894644  529285  652067  944337  845286  1264939 1100712 23839   41277   445580  102277  212582  532558  639591  962291  123895  1321038 853362  1206427 664349  1168942 636128  1280718 1081109 616221  341557  981437  781906  62269   929541  997732  383014  92238   1075899 753451  937525  400350  1280263 961364  441627  359255  489742  654210  317914  1129333 249913  1234497 1083784 529375  1074336 1174233 331730  1136564 514464  838939  386198  282121 
1980318    1940860 1071862 1243507 1608264 257032  1521348 755610  750439  1212835 1337828 1883741 830583  1576630 1808060 1967771 1491766 1452116 632631  201717  202901  1756245 1394206 1977802 351568  1522946 1226172 907582  520696  1929266 240499  1142038 1889809 493426  1566610 1517755 1911840 288704  1454429 681962  1501539 1973322 585385  1513186 1569634 1574509 681704  1081082 227372  1314335 463863  430273  271326  1039133 427757  1784276 1743144 1653930 711541  1444904 1602878 133104  606624  693433  1787912
1614341    505268  226240  917705  994167  393971  322777  1358385 445673  1541755 1041979 1139974 552963  693437  103249  237863  591392  1333526 1354092 1262250 800231  796551  91771   694504  1020729 1224554 225605  1120828 1250296 769244  896956  1109221 1274512 713078  412585  244221  696931  735363  1602606 1142604 252659  1030245 258120  395504  109341  361369  223249  290616  1284777 1577341 1142748 470668  759551  1234519 755054  1370163 434614  980659  876650  70569   135563  1363488 1179790 999957  462226 
1888680    1027219 1278922 518124  586574  1139908 1797748 1049237 363057  1448412 1729942 547057  1057595 992481  891943  563993  852609  1070369 832248  1372980 1359925 1196130 1606538 1429383 903031  494570  1168729 540198  1693153 785092  846851  754983  1757824 182605  1218619 455718  1322513 1073199 1450467 1631082 632931  1291729 289460  1690526 341043  1126915 311351  1139164 308604  1089112 623465  1668529 342074  341323  1154744 1190618 781405  380305  1730816 531391  1165398 634499  1286374 980054  817104 
1140598    406028  499888  335679  156173  218652  712453  798606  944300  325945  148721  814915  450059  123650  379045  738467  1124453 890061  128301  649894  596543  980895  765578  338995  796411  105487  438943  75956   714697  637573  890079  702865  1043601 249369  160333  321562  730407  872786  1120168 534110  58133   128292  208427  770578  514328  849859  368447  498183  599322  759135  269865  317653  861818  157231  656648  780018  262718  1095591 855974  99204   854952  605455  1064455 1020341 1117210
1768778    487411  1704658 1113838 1755900 1416562 690268  544628  1696679 49740   1137282 1475786 72808   1473935 505716  1395489 705482  738260  1081117 515428  714114  461815  325398  1583480 1260088 1716850 1352354 869725  792938  1569208 686442  609926  100685  622322  1536609 1669429 82950   458099  258123  10851   320683  1208249 1299482 393491  726250  1618042 1601824 1431733 400368  914164  178383  1114483 1188823 316625  742029  680133  264698  325605  1362703 1057636 1707657 280367  1480406 1621187 715533 
1980620    1741924 1586215 155586  1745012 395944  1710308 707321  1882588 925299  571812  569817  408700  1660079 270897  942384  38828   81436   734689  172409  1405517 1618449 655125  1072971 1115706 990851  16394   1223309 7318    1263263 410704  617971  533000  16299   773558  297392  1901295 11678   1004713 1803264 445409  1084957 392461  854109  764416  663358  1304925 803244  253227  58995   484086  1167176 1185876 1139211 1748579 1810014 149443  1764974 1052703 1645813 1047617 1463407 283164  1580617 988138 
1144960    964581  855493  146184  543907  298597  923846  711964  247730  525935  1092713 478761  1142973 437877  1037468 704480  211123  122576  1028876 81927   433816  272250  911422  360022  912833  2435    888039  190512  656351  658229  826610  555618  939162  998455  701802  338109  152093  480688  366426  399823  322976  314179  194936  782301  68408   87444   341821  740844  671333  225737  822771  421501  959299  1050545 781523  43524   369332  985914  234036  1025683 960495  376998  436341  754698  230493 
1468292    1344199 69950   1091584 480365  919878  142952  34652   1460562 608949  499789  1450803 1272770 1242149 148704  415919  849352  122889  123178  266517  1041756 155678  673653  926210  1251298 1352892 848130  1370000 817210  763600  1368342 87794   639507  597548  338634  1119873 49134   1109135 313781  41405   249792  813570  23916   681819  1214975 800168  1097738 596035  923057  380173  21808   1124069 1163399 1323009 581987  946406  1207610 589373  7370    556528  512229  1375712 1271870 1151737 1132517
1714673    708242  1181238 749573  1164582 1111461 1470892 967924  331975  1709506 1080503 1280805 45422   596352  109004  298729  377891  846776  196773  65345   481555  1115005 822812  609956  1218846 1164749 1495020 978165  64563   355066  1607926 131274  1063308 361439  167796  513217  1472901 1638688 768089  90203   1633521 133920  657957  965891  17220   53909   551569  1396732 187634  748342  1462077 1670810 1150295 1571837 566093  1656089 1021913 1348061 206529  1086476 1703127 99782   504699  338710  1462843
1460804    429781  305041  1243791 239550  968453  29633   1258729 347582  215976  746041  729433  933630  814223  1057778 461182  570967  347525  133614  236673  737907  838817  449435  433563  376634  753017  629224  150512  1045994 1054694 714241  467214  23671   1019282 250201  161453  526931  178066  1420183 874514  394042  603652  41375   1327673 1316107 1099153 226283  426271  1344910 359898  662944  520245  1096947 1010611 852040  12777   201056  20461   163289  1247050 973387  877530  151692  997058  436008 
1546736    1241843 1290792 1079475 929470  616650  1386226 587351  1173017 893771  98406   709638  1462342 1541625 1437428 1463716 655073  1255221 913879  104193  817562  237521  304449  1339139 1331706 420868  335810  488677  658172  28932   565841  12886   1270775 309897  1092361 39430   312467  931851  626781  1485484 1211542 111107  34306   513069  105997  857654  430049  146990  566140  1343929 251183  769622  967370  1488289 562025  752340  362421  283755  1241017 1020593 312687  1192779 1033479 969382  1502676
1845745    1559133 1831965 977053  799090  739111  1587429 1530490 1539019 1587582 1031326 1323144 1195942 879307  318498  260014  1183555 812230  98170   1033708 172449  1511885 1116773 116641  935115  1828910 927958  1493844 1133382 1402705 809437  1235728 1116093 1759189 367036  1032971 652555  108720  1681248 1309361 814089  866829  786761  164287  863923  223046  424301  201733  1035277 1486004 353228  325513  1152144 1470001 442155  1205046 570954  487900  1816678 822123  44860   780370  212106  278741  693814 
1510639    374994  15981   177565  34958   587337  1300140 498428  746019  730327  437852  788202  426812  1321252 1090338 451052  892158  931674  448500  1070458 885439  484296  1418916 532759  774363  263306  482747  591854  932358  1229235 106076  1421798 738600  122058  733734  1418568 709395  1168246 1051367 589785  1032944 1489219 512358  1459756 1299832 92058   400169  1326362 158103  1493679 20552   1043542 1112347 1439468 710672  1021081 192135  327790  102297  258864  691396  208373  815033  1429996 975441 
1661370    293081  287669  1588019 1592381 1533377 279176  504006  396756  920836  1025689 1077231 592791  1497335 337341  564654  766635  1399666 132807  356192  996776  440181  553794  1033092 1596404 925579  1278953 988423  114010  1642655 1349762 1045082 942128  643824  1639493 873140  1183593 925061  383538  586741  184527  1409227 2602    1445081 251585  1007705 1016127 1018220 746001  1148934 380805  749170  1589115 934599  788654  1524150 198809  1073999 1518965 980581  61676   213749  1032055 1003805 857573 
1737195    1491182 1365664 842279  263300  1505480 832129  278209  976205  1074525 1233804 1172665 588409  1498207 902229  828688  1342702 1365394 999958  5738    1288015 1609370 816127  1530429 1634665 1656270 1283271 491590  1048540 664038  1375180 488675  418025  1003649 1330955 370697  461307  425889  648906  1437512 1189786 1572083 872982  41000   1333095 1464583 559060  938602  782154  1559018 944340  332974  1431194 1449840 1552776 1018036 1058287 788224  1198998 369633  1452262 836984  858308  1559659 1530005
1517671    1427938 260440  731626  818483  385014  1258578 786350  451330  378929  597540  1424080 754045  199676  437369  896376  322587  1479258 41226   685336  689024  1348423 635446  320223  1086742 40113   1185639 456398  849546  1351841 675582  347177  1282925 936023  1078804 604555  1321037 840528  1390905 275513  1240275 491592  202740  476649  691268  660926  1373025 1034672 622513  1435068 223154  1332355 1265821 858601  134907  855709  919531  1341364 1312107 251406  1196351 470018  619401  961606  1406041
1966394    194248  1211577 379490  1772707 556333  1530098 551713  423165  91680   1026514 510898  1750985 1184925 750104  1825796 1579582 634865  1376700 760400  704092  540905  1569079 322972  621989  1606820 133219  3837    1391756 462945  681236  761444  475793  1711413 1140934 282106  301352  523239  652420  724518  614919  1678934 1054016 399510  716065  1622720 258912  147853  291191  1454212 726853  813884  28723   329539  1136856 469312  1754959 1270075 291750  1180321 1551620 972986  1941765 61019   718005 
1910840    298102  1271931 1327208 40742   1037293 1277655 1614746 497230  636100  458611  201566  1487366 654825  1296870 1898687 739210  1869448 1523794 827443  455172  1000401 1672622 487234  1017295 77419   1643520 1683313 200362  456068  806888  1281014 754170  167979  697382  1095424 1205273 364710  799330  92175   1000810 1257941 293741  577336  302438  1891123 865695  1342161 239403  779162  258764  995088  169235  321059  1482322 1186530 698990  1515514 959003  899353  60742   155563  269527  1115424 323542 
1576504    80376   1104527 958587  1058194 1064926 1117789 285728  243740  1570678 734926  832023  1187221 1367263 1542427 116887  696244  1295347 322730  1181143 1091357 252452  962541  1167031 1001919 358606  198254  476610  1104349 1311238 226665  197371  1391615 1331192 870758  873305  534415  412044  873833  778155  121018  1323560 33674   1308239 1114319 1290901 1425127 1525363 1009744 171353  1130002 239397  138606  516040  1121229 1140525 589446  1319483 40632   117292  1054217 1558601 314663  584128  1028089
1842830    739546  1531080 1669653 942677  1432915 1533247 980525  1546074 585379  21297   1514247 1659344 606420  1813836 1037945 1802385 760859  541893  1777843 1719374 1372555 443905  768593  1201879 1166473 681573  346714  1391244 954429  144743  777078  1107277 1675824 603901  1463257 679211  294319  600952  1638587 293000  622249  723307  109514  641972  694313  560761  14829   1455172 515957  1792672 745019  45682   1649879 1513612 1247561 973523  1608487 1007577 1778069 133389  1152320 712317  1240666 398616 
1842206    1401477 1026522 426652  937124  1818203 1467848 281887  1082440 917656  1678919 921735  1744241 1800452 1684754 452312  345512  719855  574122  873926  1593729 1120793 249851  1677003 392244  412850  786894  955371  46134   615290  704265  1725521 703110  417129  838515  1640234 393127  464157  608463  161909  1381813 445177  1612193 1812396 931971  1454741 422503  1806032 860938  1525173 837752  612461  803761  1087603 975806  1724553 186795  1762700 1366266 232929  1064333 228326  644792  453785  645455 
1227229    1091011 107297  597402  231466  78355   1092509 265939  596844  1014523 768234  354677  542145  179758  685113  1190639 762233  505370  22165   753305  1038748 836463  199671  608488  843725  560574  1210342 994772  626687  516796  304770  143210  547680  579169  907714  779147  657524  772995  1212188 27139   727391  920295  548918  209409  1100053 173904  339921  802159  679275  362087  495337  657896  138423  862111  206257  982148  195456  189371  916794  822143  873269  161437  1132455 193721  740606 
1515938    1467514 1293784 1114446 428493  1263942 241523  426666  847687  596459  33097   786167  1446583 1001496 870863  1211281 33538   801255  1012766 1284146 1388464 872873  262729  858098  174461  408408  497112  923672  609247  593512  1514192 745502  1145586 1292038 344010  58142   1040043 1186031 484808  972290  867050  517905  242519  797696  603961  197943  493039  1237998 999198  590366  1006206 1472222 547799  1268936 1414880 722260  761904  396055  730492  455711  74127   728746  1201214 1219714 504847 
1965771    45549   1203216 1312022 550478  1833674 1742749 224891  845704  597375  1787036 144060  692279  402540  151315  1361204 1449276 1139864 1868631 1703646 840950  1158068 589793  1048181 399642  1589829 1848557 471665  1823985 873225  1743291 1320114 57058   980736  666365  1711591 1952694 443344  1936483 1936683 179003  896032  114972  9566    1298572 1370342 509054  1886132 544436  411914  762292  1385386 708266  1352085 1571851 246192  114427  1454637 1821913 1076696 1466147 1599433 431040  661489  1718454
1406379    480195  1121920 304181  410332  1197313 82487   971730  1082490 529004  997483  882368  1170905 817663  599203  768497  515027  177867  181683  79063   928934  1284555 105164  415639  1222918 322307  330706  1362474 678300  69449   334948  481338  549644  50489   842605  1017061 1247803 982177  582412  923914  104802  230601  456988  1332792 1105350 1113277 751996  271083  1348229 933679  350146  870785  868940  512396  1343509 685480  891788  267836  698660  163709  394370  1033608 702132  944015  1141182
1556006    222063  1179915 838808  499482  906458  706608  1443471 669308  475358  512631  1103015 938077  1381649 1549464 994391  898006  502602  903538  1314771 83831   1440758 19020   1145188 766283  1232059 683077  1412113 1129984 89187   1325550 29691   311250  949460  673132  615364  104544  1184372 502830  578484  1464362 820093  125493  846434  450368  1479590 284819  1348375 426186  992989  911772  510018  682373  735425  1459838 1448656 216110  586909  1304763 1346094 480728  1074308 1180418 596611  272394 
1338314    592935  225444  39672   1004325 119209  1093370 889585  264114  153616  1110289 108490  265394  476590  693351  123135  1039887 1018097 1337119 1167146 508351  1059381 539602  469557  216473  111739  1136073 1130229 1024765 342016  251973  1183823 106960  987739  395503  283293  278956  150559  344886  543071  304176  116862  1161883 569570  1103774 1027242 692705  805347  707025  1201832 634179  1215377 922900  345790  856942  1139373 457529  654701  103296  654302  168726  865591  1010133 786008  1025338
1379139    966420  1069707 232596  1195464 1029210 653764  197936  330663  1315044 1072303 1127048 874710  167880  138696  467996  862780  1188192 295253  1004445 447476  697195  730552  6233    150193  893201  271850  758719  345975  768051  832442  893458  355332  523010  961830  7432    8856    72230   205368  175294  8136    1277672 1302342 882846  66413   1276814 1350842 764968  921642  102732  226050  1204894 799927  792377  1211127 785896  306440  103838  165476  652415  871889  833693  2510    1062996 1356703
1853460    1309826 613502  1614560 760821  1340389 1488590 1227285 1086515 551423  1348593 64739   250818  1016181 1501734 1724946 1707028 829939  411956  1339227 1498070 496509  1584735 1177373 1472266 928393  856490  326136  1157448 27152   1428492 1698106 160010  188534  282238  1597324 1528923 1770829 971149  1438471 1145284 466283  1503210 219134  305496  1151484 90620   159064  804455  502577  1498291 1125557 1675578 52599   449470  1294384 980992  1305960 1620521 284980  156145  1195553 806118  316155  207119 
1404741    90812   519169  1304385 777520  1389203 594747  1142575 487919  830009  762466  1009645 986417  525020  856615  905516  574651  731956  627869  431545  844775  178312  513824  1342863 665596  1105114 813403  569563  277067  521027  888750  652216  611840  3178    917201  349960  352981  107207  453135  840901  937217  1215601 445805  884234  701221  1302420 750350  236472  994976  1378219 1033359 435011  517131  507783  738474  143327  573498  512477  712890  850565  1398845 562241  463381  971285  930760 
1102329    710040  340629  782083  773346  988232  385654  899435  960004  336012  784060  266747  23123   1032983 1096137 564845  487848  304811  752924  90537   908265  458106  772792  729929  102090  183454  383602  725832  93918   106864  907869  796148  670148  146169  329147  194410  32072   714801  1093845 845320  1050814 775577  965311  927181  559475  959119  389697  1047323 14845   995866  991104  923110  351643  661568  550710  306977  698266  787557  1032810 792184  747665  691594  339248  315484  691007 
1879898    177525  1719376 386494  1323262 797877  1704460 1287750 1605356 1308379 1056509 732732  1634930 1836501 1057389 479852  1107296 1137984 272902  1228708 113048  1186627 1088082 98813   686429  1727973 389932  1608097 493511  842719  1334099 1271270 1020244 533445  1017632 1703374 691190  842195  1111226 1656414 1510442 1527603 509248  1265474 844074  926506  1105195 71473   184592  1378097 1300181 297640  44694   1748132 1636220 731123  956075  146254  1699088 1449586 988973  1153289 200826  1369086 1046602
1050950    349894  891426  158627  99043   509217  445733  800384  422637  1009330 534449  459545  447185  921784  154299  96714   390093  51746   837999  356921  920186  600480  939170  863410  837307  308514  961256  926504  650648  120862  370573  838285  77958   869201  996912  835153  985620  391696  584588  357308  1008228 68087   424055  11665   989871  578355  108379  329014  237303  553580  293138  106539  103111  839510  577151  547620  97075   487457  423174  354925  215521  793747  142260  293480  611999 
1295750    448883  1111921 859023  87871   1152279 702203  160260  917987  1157018 537581  487344  424947  1081598 7047    970080  724588  210436  836643  517198  200837  151663  365275  274747  384687  1222503 346668  148487  216363  842548  329738  654388  1291432 145909  1087513 953405  872291  493966  1113666 494528  355234  1225349 981872  354284  585299  988919  28614   14137   773457  439359  105438  548396  165124  44815   823143  123913  1267318 1169812 272400  187932  290712  176240  416422  1156246 1192002
1481014    1416610 632391  350620  1466534 1360025 406399  3759    897917  830485  158141  6276    1360619 1240570 1403131 966690  1319186 68143   376484  898874  639045  858847  1156424 1475191 570594  190578  57901   75580   208553  450034  483704  702251  372282  1116095 1052871 357802  981758  1445922 361561  398661  782045  506354  391589  661650  252563  313706  133978  77387   368502  497114  976261  1007547 1342614 651672  1001724 418846  842250  1046277 494426  1037455 15297   978131  258692  387579  599864 
1222221    478749  541185  112104  260730  96326   609687  1143272 305530  1140534 586067  85789   433626  1119529 80193   566814  20300   400936  571479  809891  5712    280544  193682  875173  977338  567490  923679  158813  190659  150067  645462  1191607 587465  1186647 81490   806844  19402   649826  727896  324932  526789  50391   410721  960415  1169920 490915  263657  1148870 850500  793786  695189  856213  1074330 888871  467814  788096  234141  127921  946909  383449  277988  370151  311484  824103  293226 
1794919    373747  906814  1518176 312372  987145  578255  642120  127344  93560   660244  535034  958466  748129  1463022 187808  989320  992105  1646180 1221605 1054801 1568208 345880  128829  1496063 261316  1607933 295398  810945  931150  1573279 1232359 1304898 685175  195092  856746  911796  773347  1498866 278616  106383  1398587 53126   1064849 351797  1516149 1252658 580593  713335  343395  7280    1007613 1151079 1387555 1136442 852223  888348  188932  1147621 1699293 359559  165458  376209  1664457 90109  
1160515    1071276 1144850 642280  620026  51228   543356  770836  459941  637616  1098314 660405  1014965 315531  723955  916326  924034  1159367 1121846 721134  333495  713281  715662  1046880 624404  1057968 718741  211984  495925  239081  743387  256594  779460  196825  898874  868588  248053  911333  478909  707994  388434  1046325 837502  872501  830958  400942  628312  594477  399794  589643  784714  202391  772026  339861  718373  865533  866931  276600  1077517 202342  1145298 129492  1088553 764243  326317 
1695739    1079180 12311   133913  419382  1580740 1436603 1013332 1070374 666241  359753  57230   890913  402621  1141407 560364  1166716 1185472 536376  558360  1269295 622374  749317  1265431 703125  1672288 463460  1229131 72324   1053937 1607228 1145832 437378  941465  601672  178687  826466  342536  1192019 201102  330704  873698  1275997 1221617 598245  721666  1103907 69222   1229064 1640284 627583  124546  1584584 698826  1389977 1609635 675375  1175364 1143027 69625   533562  376442  537383  292866  639833 
1385475    798506  99992   875494  784499  633953  702617  346818  316121  1047763 15097   268446  1162164 802504  183529  668232  1216996 82206   254028  979810  867862  40195   190738  1140249 788423  492138  1264458 261406  1029521 105436  837787  1289628 903943  940381  782249  305569  191461  99391   652387  507583  1147154 670087  778631  926445  87116   962160  209202  1306714 1046969 463231  903651  529356  506028  1094389 284130  1297053 203654  165715  172984  1235777 271151  1013374 1139930 1175094 568280 
1634252    1565163 1487363 99964   412705  1298953 557683  229274  825743  143591  1360437 1262527 994517  864643  1565744 1243397 557655  107463  334947  235925  423440  736123  872328  1528571 1446223 1446516 634021  951023  1185082 979247  307265  1402828 833638  160376  1502792 1246343 1382809 349703  1475618 574301  493295  1201803 202576  1411292 355675  57548   943917  913330  88491   1278864 1072736 511931  380735  310812  329730  116186  46556   963751  1067209 1231639 232226  1297955 1000215 989344  1381811
1508116    1448704 445993  316371  214762  402842  1039114 500489  770138  721622  59976   744186  1030075 1502111 1333169 341139  785387  1252272 1101746 986583  599002  752001  1214436 506949  1133342 1256423 1165736 484829  584506  87992   896165  975537  102116  1415694 1365444 390414  383956  896442  890904  1227630 109948  950880  463700  1140023 1018411 362289  46582   295682  179981  1221865 1282266 778983  539286  988586  1359468 164512  810429  1090624 722878  1394935 1178617 184463  935892  1354269 165577 
1458609    1237057 834018  1196816 466157  968063  993107  711018  294961  272562  1263920 750733  821241  404325  1013476 328836  717521  1139642 882902  576323  303814  648786  826295  76225   718111  608197  254740  1235466 976607  1303477 673218  1042375 1081925 48627   780582  1136882 605490  315080  389292  900451  176443  1242012 192575  997684  187728  794851  915320  905250  475884  339613  1070373 779699  988399  26860   444724  1295311 223857  288264  1072168 789264  133132  286778  373030  1215058 1382814
1365588    1124605 732236  765917  749813  695658  1364232 791093  1277809 1211381 508168  58772   1129357 228323  3688    375042  154848  887796  1235145 635293  59237   534775  170597  42828   1292327 896567  921982  253055  272254  740016  835372  658936  499034  202020  59265   1248847 118366  644186  1260629 616863  1076255 989485  675636  60713   438496  679324  435755  1179620 787808  305312  449326  67733   840087  1206199 110561  1353103 1323454 253231  826846  816396  993248  882906  109744  712970  1084926
1535440    276861  973617  224624  337762  251980  898571  1501663 1188284 164200  1081791 15008   448636  87196   1043848 1214444 899322  537637  86808   1145149 685390  1163935 196691  197162  1125217 1222468 785766  477672  1525160 620180  615218  307734  1493953 650307  1129270 296276  902288  1089314 859411  555132  1253514 405763  570141  166710  1089871 675461  442627  453753  1213099 529435  63462   959961  157930  857065  1157123 344619  544093  407449  822291  533814  89101   498982  1438460 47615   1149289
1977919    339492  1333037 86341   382027  268894  1290066 541341  112921  1637683 1548012 482055  514622  375563  1210448 97961   1145610 1905680 1771796 735111  1193927 1351849 193817  1956245 321037  571950  422931  709716  1752619 587157  912909  1929588 926649  804414  574396  1845063 1073308 1864462 944871  1722615 82693   1051351 763137  597315  1963300 1973586 1231662 1667378 459814  1025539 424570  212208  399470  618387  190534  1256893 1726724 613466  525076  1501424 1737009 1974371 11560   685740  800866 
1216939    781148  470381  87576   806446  1105002 635664  889291  1047427 171925  44525   651837  186671  985518  336748  1044204 1142807 602421  888899  813338  274119  672809  404937  423993  196564  269860  563584  353390  409000  1166233 264375  1091108 1144129 734757  375433  733637  1036507 1011097 405989  866995  379770  864201  715580  980128  1046467 1052328 4142    972335  851498  893041  982422  1125617 762599  584107  746358  959163  853968  93003   95614   459716  455985  773677  333886  383175  291495 
1138096    888836  483440  380916  1108866 568358  2979    234328  131726  15818   262563  158722  887233  894781  26281   775451  666658  204454  492249  547905  1119043 453358  105385  223872  185480  595534  264136  811726  119774  1136645 306737  728702  887385  893682  75026   961659  323944  78006   57892   559174  197328  423959  717896  1084561 180644  744177  825420  950807  1052135 179574  464120  1136586 736436  673009  222363  921916  130447  486499  595547  353726  588552  1005788 47836   441346  761374 
1284476    114113  572734  267693  788349  969145  556041  735808  339053  1136850 1140865 604951  406770  109856  73654   768384  170496  557733  87468   19905   1013760 152501  78268   860995  73884   250890  855876  1151592 748735  322406  557507  314606  436519  5989    582299  1224869 975134  14088   836425  189936  1150938 692814  955111  273232  802670  1188989 1201841 1133390 462246  4833    29043   191530  157334  267536  1212750 391442  518426  784150  258559  1267161 1106556 976290  457515  418823  982279 
1377589    908581  1281578 318561  97517   419082  1285460 978514  1266348 623314  1077265 894524  275382  463616  174616  825206  850610  571833  494993  1266160 1051534 68109   836537  718683  837236  755239  1207181 35526   1095471 272941  588391  727676  1181522 492380  1046237 1279039 1089065 1131712 1057568 1155427 377437  757244  672362  830422  20874   1024581 278039  871484  396429  950635  760055  247977  1018745 396607  1144264 655995  1151846 973856  691522  1047331 1246797 79927   397418  1228334 572307 
1568533    18356   503269  140109  1010629 869704  1327715 662006  567542  1125212 1067    1273445 534101  960976  1524421 941631  885216  741277  1546676 403371  795721  504450  1077124 1099639 1139846 1330671 150749  1124752 306383  99221   509230  1442333 117578  1012499 13909   966236  313670  1179653 1466272 719242  736332  1305368 262183  1108462 697811  218071  481560  1421056 797377  297732  255894  24566   802183  1333018 1124205 211525  933186  1274954 1174307 1239569 1374176 115004  951398  1329783 965533 
1032004    660407  85228   172560  340217  858433  364651  564046  807795  451066  781994  910603  965969  415112  456572  642237  582538  631863  574574  574327  251330  108096  1012038 622389  907263  732027  440941  1013079 444800  193003  965046  84489   853411  18271   373725  278300  993380  738376  842347  885848  274115  709013  764447  324756  208797  305691  966993  791335  22226   626240  333659  273556  734336  430369  895946  726271  130393  421559  707346  575193  614563  757065  776359  552646  775336 
1249802    1027770 25146   111405  1118649 1135048 79794   108778  650032  1139954 436280  101093  891811  1237257 622158  1158209 1139548 1041986 93513   145268  649408  646620  11865   724480  733715  859814  79433   714288  812663  887591  779582  1194878 665559  804728  56481   534407  689975  136275  319373  90205   952417  431841  1117288 594426  419297  165832  502834  309043  1207819 596347  454311  607425  919156  142364  1008093 79257   1002179 763714  793545  241228  401503  323325  186304  743251  1128053
1597443    593463  724289  1443905 1096338 742056  161338  267743  159566  438022  1465747 995096  254202  1506208 57625   104351  1225057 1311624 14796   1278079 658464  471592  1546750 850855  704448  20128   1389158 844471  1255876 1040525 454293  972285  36545   1178582 298491  612628  323196  459830  880371  1559949 377596  228419  957602  631798  1214371 1015228 215893  841985  729409  230690  522622  867617  182026  1549116 1198216 886475  1569244 989932  1210690 707422  433014  67540   1159451 1546747 725867 
1635789    954797  1373720 260040  177621  1360182 904216  442544  291167  1157895 199767  1017136 1309265 281095  153522  1380665 1204686 963799  919293  701928  449534  790698  1330032 864276  924938  1405844 551944  603112  1321070 1190555 1379493 1014911 816872  1424733 1274952 994493  1149126 850688  108557  1440294 372795  308324  1128950 353580  589419  1589782 98456   465625  917792  1325058 1474863 1367326 479968  1169106 903123  1404906 1246470 1455067 679538  931751  1317142 423243  310873  498225  212187 
1912593    1684785 1400539 855353  535916  980942  1531200 638078  1727066 1067845 66462   578100  70437   1898873 274853  1019970 353927  1743533 526411  839081  888530  373265  186435  1213978 1382516 496568  516762  1116837 127034  62032   1542075 1505785 1746817 1388312 806836  728431  456661  783734  1366509 271135  1851579 1791262 1207526 367714  1777543 1482380 1387685 218877  1671611 359794  1416250 647548  1091351 1602685 307224  919565  186661  823986  482100  313695  886018  469873  265178  1078533 1858186
1365808    1348145 649937  422135  63853   132686  1007418 1359129 841917  554196  850641  384616  920510  594312  838195  801101  919301  988067  1230665 973992  1267807 766570  794366  138258  517389  199435  268216  449713  112180  401351  1281686 1079221 383688  565816  135549  14069   698502  1142967 939726  1106947 1263691 424559  125755  818394  1018872 963950  253687  138893  586209  118544  1112885 54736   451642  541443  1125330 535559  307406  27738   551800  1351923 429089  467679  1065336 379305  600023 
1988693    1037239 1809225 1547260 1666349 535102  514098  320336  447033  745428  1103428 740254  1949850 1226189 782522  149076  1220457 169723  1659104 1480179 743810  76914   256901  1664507 697350  1706167 1056377 137379  961364  953076  1895949 1082096 1622    1716482 640663  1972763 567683  1154761 609198  1014716 1900189 1712626 71069   177445  950123  1158384 326521  486679  1328107 1985625 1966858 388016  378638  539858  368622  1380781 562124  1425000 1518160 1523489 389383  1730209 616892  695797  1762790
1832071    221869  1524354 1076423 52022   744127  1812221 198542  788124  19481   1034934 1367527 912467  210979  1619714 305597  1425541 1562248 1660981 1074873 1384726 117401  515822  250066  660743  1058177 1177142 1722948 1367816 1718244 1187979 1244335 1643677 880262  192251  1695699 1327953 172402  62171   284006  191883  800669  1651533 807914  1011649 1439176 1113511 308683  872918  645986  1383556 129137  763387  1602942 82767   1127694 829048  963473  1018571 68357   553210  78043   1016257 364816  661869 
1617939    1428558 203173  921148  1361104 1548179 890664  1251749 928768  1002527 920200  1429112 1110897 250330  488157  565783  154111  111476  1082431 636697  1428389 1329699 932230  1318827 1601098 446498  1562313 511939  1317942 898406  1482108 1356399 709025  1206686 181013  452190  1136926 593083  1225344 447755  1595610 49011   258929  609973  299341  268491  697162  1592796 379968  161654  132960  190418  1012758 1065190 1030651 995917  1033093 496430  1029262 733097  1394836 414836  1610901 7327    3583   
1896374    161664  1065981 1365702 846091  1039916 487996  438800  1195724 759651  1064473 1057927 170198  1619148 632968  1538729 886861  1006786 1492857 1556069 1353368 550254  1851768 648235  1678081 164220  36582   326835  1692944 1790137 1053386 1029498 55428   1331087 1606920 113239  1582723 198543  1660133 882073  169914  828232  43627   1448206 1659100 1784689 302281  1757681 895101  1795138 1417376 1460189 1557112 584491  212051  1338819 1856805 1356727 877374  865096  1250490 1142480 1894594 517638  577194 
1267658    281729  1151375 212113  1200880 285023  1102265 223675  941332  877971  901299  16497   479808  557721  956701  1133833 1258399 903662  579825  334226  746699  36549   74616   1183086 218775  806774  817723  471594  78582   1104727 35682   1064720 47803   1116061 9176    1248683 62430   1111441 133704  1003762 650759  1035004 949264  1130567 254071  567311  925746  244812  203315  166918  579039  950015  132471  582659  794447  351246  121775  344512  751844  129361  110586  716530  1194081 158389  493938 
1019691    354477  831684  167994  359574  624182  979118  185515  133970  999714  271429  557286  729819  232657  977831  976073  241343  295339  27853   862568  637063  884083  248509  293829  212075  761055  267504  276476  973538  529155  799458  658767  883633  611452  826761  223516  215943  786188  394629  349913  751810  666058  907199  447536  884313  850937  403918  105966  112184  417369  954132  749247  267359  182951  8983    479434  944006  276488  741509  883451  805643  521276  508126  655183  98635  
1805611    541075  104390  81754   1625037 985658  865961  1517652 1491113 286670  241847  1804801 1729585 654211  360351  652455  732972  670483  376479  964530  142653  162671  77595   198154  1580292 1149566 99256   798318  530922  97196   1475675 1775615 26103   1580065 51758   1651140 147944  305550  1363182 1026888 1785662 1605029 1026078 1709636 1647071 1386429 1749922 574432  1444743 320790  1538963 1587397 1676903 1004389 1173382 1451584 1541786 660469  1637734 267098  757666  1307798 1430544 171600  470083 
1882638    62619   1489918 463997  1190324 856203  1579161 62616   142452  1844972 1211337 1664238 1309027 1594924 1866898 283566  315076  1498677 1792973 693598  1387799 625035  760626  769742  1843899 347575  1223347 375923  526989  323418  338006  28985   386038  551596  1099292 300034  1407799 1402125 968961  273924  1364459 903970  55524   790848  616256  39784   1074415 1537642 1538462 984750  348602  1649933 333457  1715539 537037  294719  786786  1760385 1276952 1313776 807475  338630  66433   1193513 890227 
1208716    989584  1152472 674401  731525  491194  625199  391697  515050  715199  18702   518425  23058   211250  924429  392504  692445  263528  751758  854728  781131  709429  306568  1039188 215281  180222  433002  1035786 376300  1054647 299447  862232  31483   243203  732601  1167692 1139082 553768  350674  850100  60252   369376  159809  487994  985310  1084238 76467   469039  543734  24193   115051  520834  1138306 826304  351306  144871  1006526 1188992 376625  578794  230892  676072  232310  262375  115244 
1126110    746396  702084  167062  719522  1106508 738734  370880  296792  156823  210776  202970  50934   1085636 830335  693677  936007  572515  420189  139429  452485  431922  109720  458592  1015092 949956  281168  440038  69669   528211  365828  654649  156619  1067912 829833  876141  1056433 442458  120911  235237  607403  339810  446329  658337  299336  150554  234026  109233  723069  654215  256785  49445   1094259 366505  516159  983241  198473  797327  305292  268142  207550  671120  930913  364170  621045 
1979198    619273  681860  1844699 1837857 1230909 346968  154803  1490716 14099   165707  1174269 564475  452326  1726044 48068   870423  1009903 1456139 328486  1309748 465767  152718  1911403 545595  1885160 998766  1118541 1530852 1916594 1777500 494689  502851  426344  360190  307692  1603435 653340  408677  1114954 667439  520566  310025  1178096 972893  56871   1226164 1789498 1012957 703105  138787  343507  1168872 237687  221895  1660649 89831   1220661 746175  1620683 1104239 544477  82356   1553272 970822 
1456776    243693  1011965 412968  1003084 749443  1278759 156959  818184  447731  895866  501714  824977  1126558 72491   1385343 1192283 484616  1124083 595424  1005629 734797  745312  294142  1178368 1118355 1053905 774221  303684  1208236 861225  369402  1256105 416415  586547  606589  970034  212706  763548  331443  660438  6814    637333  1289591 937549  709824  1218158 477232  998616  689642  876833  351646  1424439 165369  645788  1146031 1283724 47094   267652  1391584 1255330 1128878 108387  858835  1349469
1879801    272058  1555170 543828  1366427 49103   464802  174469  257829  149167  1327879 1077104 456980  1516759 966437  281035  1589583 1407747 1243375 659697  378431  1330610 153534  431283  934406  1150254 1359084 609549  1017911 1170213 1637173 1038000 691366  561636  830922  177992  610740  1295725 352461  117663  693986  929435  1194768 1150966 1695288 1410299 681096  654164  938245  1173565 1313861 565770  624375  716489  246148  1558781 1866743 1605232 288529  253947  144739  1174796 541041  836105  1736432
1109690    830923  1073196 173548  1093699 689848  1045680 864344  549265  703622  457974  173252  471745  1032826 1049171 541600  759267  598740  552269  1080782 280916  56907   651052  490057  104374  322140  430559  277419  1093236 798673  171509  163382  286408  1011208 336930  36919   591366  39422   901264  907133  509547  249548  1080385 981292  1048877 786368  413202  698454  275418  731973  669546  556335  788880  1087101 812894  659756  299551  1009955 703677  49599   465440  641689  212982  751848  543207 
1957838    855201  1920339 429725  1201793 210606  669950  1703658 1301357 992540  899053  1398881 175811  1446981 1504649 1874402 1708166 460144  1353801 892703  1425356 111461  926170  730767  1816257 70433   1282091 473856  428605  564827  1329337 751354  1684667 1556476 1181079 928622  1767082 157829  939080  1375239 1415007 144933  816282  1590818 1591915 627731  1772021 1606881 1087876 1167984 541746  820032  1279445 1467916 1550800 1402502 1802987 875053  183158  273755  1704519 1512495 1025109 1431348 1111133
1894813    105688  1837660 982228  1303012 752941  691497  1750881 825461  1676793 1868843 904300  895310  1345315 1766786 867899  341957  130923  96309   187824  1531547 224140  205797  1329130 470575  28520   1752834 1558245 502753  811879  1248593 857439  917567  530922  1839667 1560060 1283863 636351  755610  1448806 418331  69121   1692587 1313641 1414437 1564560 1521021 1756394 1034964 1617331 49406   671699  1180952 1489497 1340310 1651527 1518017 537812  654440  1360251 1349691 1242515 322877  1606739 1773437
1861404    183263  988376  1761059 618874  260370  847304  744110  977984  1643880 230007  1486026 1727997 1125747 1384449 1109995 86111   73678   346795  1240315 1393467 1586075 1230700 394147  783090  1493045 830774  1313880 15224   1573470 140895  802454  1756733 1129271 1278677 1090771 104806  841145  1834882 1082790 623622  203485  1283981 1066783 44396   807026  315374  130507  1457272 1238737 85986   989335  963408  1316686 98646   1746498 1524895 929420  1775542 1540119 641486  55033   1057737 1113384 1760873
1400110    571723  321297  518262  1233271 216619  439162  1188105 577910  318893  245001  1289348 839999  864027  1322956 829180  996289  659027  517385  110368  599895  47557   867731  650595  381216  967959  751640  382647  1054110 96172   715456  1211055 952987  1321845 614300  786149  423447  1053462 859236  1001357 257338  1104237 1175688 1097337 853246  1098534 811500  449426  357452  1328885 844886  1242439 261424  312507  778017  927732  1280466 129547  1310380 1219559 510811  625726  1315596 63688   547462 
1427743    840823  31090   698810  1101762 783978  394657  473655  53103   284790  717652  238882  413885  541604  1010304 351308  87739   291256  1350221 767896  1355118 104347  813525  949484  860858  530862  806504  253071  1423019 399565  486872  1141294 1240388 359786  412361  756232  1143764 807018  1071711 1038692 933633  361620  1277574 1347518 745049  860135  271084  674612  1151391 35386   14765   920591  1409300 670115  284156  842416  1200977 1090661 937311  1038077 62483   1266007 751629  1144695 198050 
1536618    1514887 1047407 300768  238737  5106    1320794 256125  864422  857332  175126  571347  1306796 691208  483307  459168  921458  147224  165827  716053  856949  1352464 399908  678568  394656  413513  174011  683579  257575  1103748 772388  552819  253715  991493  853587  492453  996600  1346079 748578  324404  1375110 95402   67450   316986  786610  1259073 776155  879766  1406297 113680  59201   1434944 1466144 1167426 576895  324182  44321   1459222 1007761 301896  1026352 951847  26413   1280068 406722 
1555644    753959  1285618 494446  1335599 63221   387676  836765  1180381 1000103 1184511 1518304 697396  281454  1057771 1168082 351779  837453  1147858 377645  382456  500506  1367570 1137717 23031   545724  868019  468944  388514  1214547 850944  760299  412862  580919  1254745 1053533 644140  947494  334654  1129593 1252669 824238  1092253 394421  410764  594380  6859    762543  736905  459789  445261  1119362 960295  257187  701435  288398  107984  13810   757342  496498  533430  913358  561869  251364  1494277
1440289    1282338 725043  1172257 1020934 951578  187043  1070697 122819  321540  1085961 38736   582208  797601  432874  165315  1404375 579981  822885  1095157 1169837 389959  942778  732597  432591  853109  1084792 106718  462485  1227855 1100510 526175  1069904 385265  245394  650549  1324094 432438  268209  1434165 741229  1341421 32612   1323438 698733  465486  35715   650070  1032718 858601  292190  762266  1235811 1222219 54575   228114  635040  1126618 334832  1084776 914184  1435342 157913  531050  367569 
1403162    667787  1025957 1257965 227197  836584  492315  94781   361854  1077985 1144372 241166  1011876 1215931 691794  267738  1200549 890179  932509  308916  1102312 1243734 693117  490625  1070031 345461  261730  1032236 1359682 801637  526471  260389  823636  149266  115192  1050833 985850  1364881 1145615 701917  393917  886825  297295  2631    53806   989089  270369  1254356 1233480 1202878 917484  286842  397663  964813  777468  64532   664486  1039198 1096768 1378380 1195047 977452  235607  615522  1126718
1225772    852929  144551  846913  643906  680622  23116   838921  975573  296323  418834  1132284 258584  484830  343235  1192460 1181186 580351  1105827 386855  1115395 858548  1026123 786991  848598  1091534 1016441 527186  600421  517187  600617  434239  213240  745168  124276  857147  268914  147392  470296  18715   512611  958026  1219895 771195  217084  337358  806779  241394  986606  755731  628249  876229  457403  497497  437449  80229   432155  297014  676312  1032576 883097  51157   309939  1096337 865221 
1083506    169416  138863  436199  449409  752338  1030146 978149  792375  757529  1047992 629566  644807  477746  795736  317170  233426  234289  176445  1000301 326502  362324  238462  790096  577798  1044998 465201  917583  887654  964793  105040  219615  50703   269147  681059  525356  1021485 627699  420000  755599  326967  409730  326903  971774  912720  64377   230682  62640   298666  407127  4679    650413  794695  268385  382247  288988  229878  847449  148309  34026   728736  278594  278885  779439  547741 
1161725    329110  1037646 77786   686520  27555   562703  673788  466024  1148207 756889  986966  420598  1050153 131433  846055  400414  510564  632762  524678  532040  11067   781889  791874  618499  179971  1077873 1017662 286212  105883  262869  421040  980870  684667  498826  505665  712222  445681  17728   16521   432163  158770  387639  236913  593075  1064950 1082968 993489  959666  554005  902319  329981  1110950 522483  1121855 567724  86606   1038003 969538  918696  1143887 70682   178011  963032  755350 
1472496    1021180 325105  453622  1059267 788674  1388686 399301  81364   1065523 968658  616971  1267188 572496  861878  811812  802647  972985  1045284 618487  486535  1011441 562652  260240  545847  1256145 473601  96624   623454  1068688 665236  1244601 617372  405861  225727  1092159 1194535 141917  18965   1275900 1207440 403143  1308391 417652  975639  113293  644985  305791  1086279 217773  339798  100318  644735  902450  360558  1190582 101620  249680  702726  140594  1318368 1367962 1385196 1351260 301328 
1703991    193114  910575  473270  1331085 592489  1387473 987190  197395  898734  356449  1257947 114084  801021  58557   1200790 1622892 740755  93675   1688089 1015794 1485286 701877  984429  257221  1035497 400176  1133418 72777   231586  100526  1332912 424700  556113  1351194 1300798 693615  579688  583997  436022  1478422 485458  1693969 1137518 831492  1297539 634318  295405  334303  273005  279503  895109  54300   981380  175547  1560525 1561890 120735  989952  1634667 1601324 635490  1263588 322034  736615 
1442740    1324294 823565  620474  896354  599930  1086959 1087457 942112  781028  1231671 632845  910049  134646  820287  1005889 1441911 1398274 1151812 846120  297200  1167599 1081750 366207  1196593 609837  953541  851870  116326  899187  67145   824424  94213   204183  2158    304039  804113  402590  1391497 303485  1183618 493900  936330  1407139 1384758 1070090 970288  1383930 1025624 1435572 787310  636296  1160431 426320  1002503 227756  349629  1269517 1079626 1222167 39436   460244  603852  133650  1420639
1391678    494123  146724  574520  897668  341230  1111576 1240113 80412   1172375 198949  1122586 759042  465841  1016082 539994  839707  1228971 1324086 707631  934110  638098  601167  615757  1300465 213272  526108  1003789 454920  1163700 1082858 628759  141651  1105088 1203279 914826  54640   923178  763261  10559   579381  962210  1133145 1338423 36374   633056  362246  751587  345855  294654  67541   1279965 808258  544214  379551  592551  757486  905659  80168   1212407 553187  1163026 324994  694838  876437 
