        0   7   1   7   6   4   3   4   5   1
35  R   0   0   1   3   2   2   0   4   5   0
20  R   0   0  -1  -1   2   2   0  -4  -4   0
20  R   0   4   1   0  -1  -3   1   2   0   0
20  R   0   3   0   0   1   2   0   0   3   1
 9  R   0  -6   0  -2   2   1  -1   1   0   0
14  R   0   0  -1   4  -3  -3   0   1   1   0
14  R   0  -1   0   2   0   0   0  -2  -1   0
14  R   0   7   1  -6  -2  -1   3   1  -3   0
39  R   0  -7  -1   6   0   2  -2   0   0   0
22  R   0   4   0   0   0   1   0   0  -1   0
27  Q
