        2   0   7   2   1   0   5   4   7   3
29  R   2   0   5   0   0   0   3   4   5   1
27  R  -1   0   0   2   0   0   0  -1   0  -1
35  R   0   0   0  -1   0   0  -3  -1  -3   2
39  R   0   0  -4   0   1   0   5   0   1   1
32  R   0   0   5   1  -1   0  -4   0   0   0
19  R  -1   0   1  -2   1   0   2  -1  -3  -1
39  R   1   0  -5   1   0   0   1  -1   6   0
19  R   0   0   3   1   0   0  -1   2   0  -2
 9  R   1   0   2   0   0   0   2   0  -3   3
23  R  -1   0  -5  -2  -1   0  -5  -1  -1  -1
12  Q
