        5   5   6   0   4   0   3   1   3   5
12  R   0   5   6   0   3   0   3   1   1   5
33  R   5  -4  -4   0   0   0  -3  -1   0  -5
40  R  -4   0   0   0   0   0   2   1   0   5
23  R   1   0   0   0   0   0   0   0   2  -3
18  R   0   3   0   0   1   0  -2  -1  -2   0
25  R  -1  -3   2   0  -3   0   3   1   0  -1
27  R  -1   2  -3   0   0   0  -3   0   2  -1
16  R   2   2  -1   0   2   0   3  -1   0   4
14  R  -1   0   1   0   1   0  -1   1  -1  -4
24  R   0   0   1   0   0   0   1  -1   0   0
26  Q
