20
    1        0   11  115    8  144   10  111    3  109   12   76    5  170    9  -1
    2       91   14  129    8   84    2  131    8  186   15   67    4  -1
    3      493   13  138    1   60    1  134    9   64    9  176    5   50    6  144    5  198   14  -1
    4      796    4   91   12  134   13   51    7  118    3   72   11   80    5  174    3  190   13  -1
    5      978  170   90  227   72  165  179  207   98  113  141  140  -1
    6     1116   14   53    4   65    7   80    8  108   12  196   12  145    2  136    2  185    7  181    1  -1
    7     1347   15   69    5   86    6  160    4  139   11  134   10  -1
    8     1683   12  185    5  100   10  147    6  162    3  -1
    9     1774   14  166    8   75   11   75    8   69   15   52    2  128   10  -1
   10     2172   11  157   13   92   14  155   14  118    9  136   10  130    2  -1
   11     2249   12  164    3  105   15  119   15   98   14  102    7   57   12  184   15   89    7  -1
   12     2674    5   72    8  124   15  175    7  135   11  137    3   81    7  161   14   86   13  -1
   13     2884    5  106    2   97   10  186    8  -1
   14     2998    5  130    1  150    3  190    5   51    1   68   15   56   14  186   14  185   12  -1
   15     3222   15  100   11   85    6   92   15   79    2  124    9   70    8  124    2   53    1   92   14  -1
   16     3587    3  156    7  150    7  147   11  127    3   77   11  102   14  -1
   17     3724    6  161   11  186    9   53   15  149    3  -1
   18     3761   14   96   10  133    8   75    8  136    1  173    5   64   13  188    8  107   15  -1
   19     3958   14  186    4  145   14   92    9  195    9   81   10  154    7  -1
   20     4335  280  116  221  142  147   70  175   81  134   69  190  111  237  -1
