1 0 2
2 0 2
3 0 2
4 0 4
5 0 3
6 0 2
7 0 1
8 4 1
9 13 3
10 13 2
11 22 1
12 22 3
13 31 2
14 34 2
15 38 2
16 39 1
17 40 2
18 44 1
19 45 3
20 53 1
21 60 4
22 65 1
23 70 1
24 70 3
25 79 4
26 87 1
27 92 1
28 95 1
29 95 1
30 99 1
31 102 4
32 105 4
33 105 2
34 110 1
35 117 1
36 124 1
37 127 1
38 134 1
39 142 1
40 146 1
41 148 1
42 152 1
43 161 1
44 166 1
45 168 1
46 170 2
47 172 2
48 181 2
49 190 1
50 198 4
51 205 1
52 211 2
53 220 3
54 220 1
55 225 1
56 229 1
57 233 1
58 236 1
59 245 1
60 246 1
61 247 3
62 249 2
63 251 1
-1
